-1
-0.999902
-0.999804
-0.999706
-0.999608
-0.99951
-0.999412
-0.999314
-0.999216
-0.999118
-0.99902
-0.998922
-0.998824
-0.998726
-0.998628
-0.99853
-0.998431
-0.998333
-0.998234
-0.998136
-0.998037
-0.997939
-0.99784
-0.997741
-0.997643
-0.997544
-0.997445
-0.997346
-0.997246
-0.997147
-0.997048
-0.996948
-0.996849
-0.996749
-0.996649
-0.996549
-0.996449
-0.996349
-0.996249
-0.996148
-0.996048
-0.995947
-0.995846
-0.995745
-0.995644
-0.995543
-0.995442
-0.99534
-0.995238
-0.995136
-0.995034
-0.994932
-0.99483
-0.994727
-0.994624
-0.994521
-0.994418
-0.994315
-0.994211
-0.994108
-0.994004
-0.9939
-0.993795
-0.993691
-0.993586
-0.993481
-0.993375
-0.99327
-0.993164
-0.993058
-0.992952
-0.992845
-0.992739
-0.992632
-0.992524
-0.992417
-0.992309
-0.992201
-0.992093
-0.991984
-0.991875
-0.991766
-0.991656
-0.991547
-0.991436
-0.991326
-0.991215
-0.991104
-0.990993
-0.990881
-0.990769
-0.990657
-0.990544
-0.990431
-0.990318
-0.990204
-0.99009
-0.989975
-0.98986
-0.989745
-0.989629
-0.989513
-0.989397
-0.98928
-0.989163
-0.989046
-0.988928
-0.988809
-0.98869
-0.988571
-0.988451
-0.988331
-0.988211
-0.98809
-0.987968
-0.987846
-0.987724
-0.987601
-0.987478
-0.987354
-0.98723
-0.987105
-0.98698
-0.986854
-0.986728
-0.986601
-0.986473
-0.986346
-0.986217
-0.986088
-0.985959
-0.985829
-0.985698
-0.985567
-0.985435
-0.985303
-0.98517
-0.985036
-0.984902
-0.984768
-0.984632
-0.984496
-0.98436
-0.984223
-0.984085
-0.983946
-0.983807
-0.983667
-0.983527
-0.983386
-0.983244
-0.983101
-0.982958
-0.982814
-0.982669
-0.982524
-0.982378
-0.982231
-0.982083
-0.981935
-0.981785
-0.981635
-0.981485
-0.981333
-0.981181
-0.981027
-0.980873
-0.980718
-0.980563
-0.980406
-0.980249
-0.98009
-0.979931
-0.979771
-0.97961
-0.979448
-0.979285
-0.979122
-0.978957
-0.978791
-0.978625
-0.978457
-0.978288
-0.978119
-0.977948
-0.977776
-0.977604
-0.97743
-0.977255
-0.977079
-0.976902
-0.976724
-0.976545
-0.976364
-0.976183
-0.976
-0.975817
-0.975632
-0.975445
-0.975258
-0.975069
-0.974879
-0.974688
-0.974496
-0.974302
-0.974107
-0.973911
-0.973713
-0.973514
-0.973314
-0.973112
-0.972909
-0.972705
-0.972499
-0.972291
-0.972082
-0.971872
-0.97166
-0.971447
-0.971232
-0.971015
-0.970797
-0.970578
-0.970356
-0.970133
-0.969909
-0.969682
-0.969454
-0.969225
-0.968993
-0.96876
-0.968525
-0.968288
-0.968049
-0.967809
-0.967566
-0.967322
-0.967076
-0.966828
-0.966577
-0.966325
-0.966071
-0.965814
-0.965556
-0.965295
-0.965033
-0.964768
-0.964501
-0.964231
-0.96396
-0.963686
-0.963409
-0.963131
-0.96285
-0.962566
-0.96228
-0.961992
-0.961701
-0.961407
-0.961111
-0.960812
-0.960511
-0.960207
-0.9599
-0.95959
-0.959277
-0.958962
-0.958644
-0.958322
-0.957998
-0.957671
-0.95734
-0.957006
-0.95667
-0.95633
-0.955986
-0.95564
-0.95529
-0.954936
-0.954579
-0.954219
-0.953855
-0.953487
-0.953116
-0.952741
-0.952362
-0.951979
-0.951592
-0.951201
-0.950807
-0.950408
-0.950005
-0.949597
-0.949186
-0.948769
-0.948349
-0.947924
-0.947494
-0.94706
-0.946621
-0.946177
-0.945728
-0.945274
-0.944815
-0.944351
-0.943881
-0.943406
-0.942926
-0.94244
-0.941949
-0.941452
-0.940949
-0.94044
-0.939925
-0.939404
-0.938877
-0.938343
-0.937803
-0.937256
-0.936703
-0.936142
-0.935575
-0.935001
-0.934419
-0.93383
-0.933234
-0.93263
-0.932018
-0.931399
-0.930771
-0.930135
-0.929491
-0.928838
-0.928176
-0.927506
-0.926826
-0.926137
-0.925439
-0.924732
-0.924014
-0.923287
-0.922549
-0.921801
-0.921042
-0.920273
-0.919492
-0.9187
-0.917897
-0.917082
-0.916255
-0.915415
-0.914563
-0.913699
-0.912821
-0.91193
-0.911025
-0.910106
-0.909173
-0.908226
-0.907264
-0.906286
-0.905293
-0.904284
-0.903258
-0.902216
-0.901157
-0.900081
-0.898986
-0.897873
-0.896742
-0.895592
-0.894421
-0.893231
-0.89202
-0.890788
-0.889535
-0.888259
-0.886961
-0.88564
-0.884294
-0.882924
-0.88153
-0.880109
-0.878662
-0.877188
-0.875687
-0.874157
-0.872597
-0.871008
-0.869388
-0.867736
-0.866052
-0.864335
-0.862583
-0.860796
-0.858973
-0.857113
-0.855214
-0.853276
-0.851298
-0.849278
-0.847216
-0.845109
-0.842958
-0.840759
-0.838513
-0.836218
-0.833872
-0.831473
-0.829021
-0.826513
-0.823948
-0.821324
-0.81864
-0.815893
-0.813082
-0.810205
-0.807259
-0.804242
-0.801153
-0.797989
-0.794747
-0.791426
-0.788022
-0.784533
-0.780957
-0.777291
-0.773531
-0.769675
-0.76572
-0.761662
-0.757498
-0.753226
-0.748841
-0.74434
-0.739719
-0.734974
-0.730102
-0.725098
-0.719958
-0.714679
-0.709255
-0.703682
-0.697956
-0.692072
-0.686025
-0.67981
-0.673423
-0.666857
-0.660109
-0.653173
-0.646044
-0.638716
-0.631184
-0.623443
-0.615487
-0.607311
-0.598909
-0.590277
-0.58141
-0.572301
-0.562946
-0.55334
-0.543479
-0.533359
-0.522974
-0.512321
-0.501397
-0.490198
-0.478722
-0.466965
-0.454927
-0.442606
-0.430001
-0.417112
-0.40394
-0.390485
-0.376749
-0.362735
-0.348446
-0.333888
-0.319064
-0.30398
-0.288644
-0.273063
-0.257246
-0.241202
-0.224942
-0.208476
-0.191818
-0.174979
-0.157974
-0.140816
-0.123521
-0.106105
-0.0885841
-0.0709745
-0.0532936
-0.0355591
-0.0177886
0
0.0177886
0.0355591
0.0532936
0.0709745
0.0885841
0.106105
0.123521
0.140816
0.157974
0.174979
0.191818
0.208476
0.224942
0.241202
0.257246
0.273063
0.288644
0.30398
0.319064
0.333888
0.348446
0.362735
0.376749
0.390485
0.40394
0.417112
0.430001
0.442606
0.454927
0.466965
0.478722
0.490198
0.501397
0.512321
0.522974
0.533359
0.543479
0.55334
0.562946
0.572301
0.58141
0.590277
0.598909
0.607311
0.615487
0.623443
0.631184
0.638716
0.646044
0.653173
0.660109
0.666857
0.673423
0.67981
0.686025
0.692072
0.697956
0.703682
0.709255
0.714679
0.719958
0.725098
0.730102
0.734974
0.739719
0.74434
0.748841
0.753226
0.757498
0.761662
0.76572
0.769675
0.773531
0.777291
0.780957
0.784533
0.788022
0.791426
0.794747
0.797989
0.801153
0.804242
0.807259
0.810205
0.813082
0.815893
0.81864
0.821324
0.823948
0.826513
0.829021
0.831473
0.833872
0.836218
0.838513
0.840759
0.842958
0.845109
0.847216
0.849278
0.851298
0.853276
0.855214
0.857113
0.858973
0.860796
0.862583
0.864335
0.866052
0.867736
0.869388
0.871008
0.872597
0.874157
0.875687
0.877188
0.878662
0.880109
0.88153
0.882924
0.884294
0.88564
0.886961
0.888259
0.889535
0.890788
0.89202
0.893231
0.894421
0.895592
0.896742
0.897873
0.898986
0.900081
0.901157
0.902216
0.903258
0.904284
0.905293
0.906286
0.907264
0.908226
0.909173
0.910106
0.911025
0.91193
0.912821
0.913699
0.914563
0.915415
0.916255
0.917082
0.917897
0.9187
0.919492
0.920273
0.921042
0.921801
0.922549
0.923287
0.924014
0.924732
0.925439
0.926137
0.926826
0.927506
0.928176
0.928838
0.929491
0.930135
0.930771
0.931399
0.932018
0.93263
0.933234
0.93383
0.934419
0.935001
0.935575
0.936142
0.936703
0.937256
0.937803
0.938343
0.938877
0.939404
0.939925
0.94044
0.940949
0.941452
0.941949
0.94244
0.942926
0.943406
0.943881
0.944351
0.944815
0.945274
0.945728
0.946177
0.946621
0.94706
0.947494
0.947924
0.948349
0.948769
0.949186
0.949597
0.950005
0.950408
0.950807
0.951201
0.951592
0.951979
0.952362
0.952741
0.953116
0.953487
0.953855
0.954219
0.954579
0.954936
0.95529
0.95564
0.955986
0.95633
0.95667
0.957006
0.95734
0.957671
0.957998
0.958322
0.958644
0.958962
0.959277
0.95959
0.9599
0.960207
0.960511
0.960812
0.961111
0.961407
0.961701
0.961992
0.96228
0.962566
0.96285
0.963131
0.963409
0.963686
0.96396
0.964231
0.964501
0.964768
0.965033
0.965295
0.965556
0.965814
0.966071
0.966325
0.966577
0.966828
0.967076
0.967322
0.967566
0.967809
0.968049
0.968288
0.968525
0.96876
0.968993
0.969225
0.969454
0.969682
0.969909
0.970133
0.970356
0.970578
0.970797
0.971015
0.971232
0.971447
0.97166
0.971872
0.972082
0.972291
0.972499
0.972705
0.972909
0.973112
0.973314
0.973514
0.973713
0.973911
0.974107
0.974302
0.974496
0.974688
0.974879
0.975069
0.975258
0.975445
0.975632
0.975817
0.976
0.976183
0.976364
0.976545
0.976724
0.976902
0.977079
0.977255
0.97743
0.977604
0.977776
0.977948
0.978119
0.978288
0.978457
0.978625
0.978791
0.978957
0.979122
0.979285
0.979448
0.97961
0.979771
0.979931
0.98009
0.980249
0.980406
0.980563
0.980718
0.980873
0.981027
0.981181
0.981333
0.981485
0.981635
0.981785
0.981935
0.982083
0.982231
0.982378
0.982524
0.982669
0.982814
0.982958
0.983101
0.983244
0.983386
0.983527
0.983667
0.983807
0.983946
0.984085
0.984223
0.98436
0.984496
0.984632
0.984768
0.984902
0.985036
0.98517
0.985303
0.985435
0.985567
0.985698
0.985829
0.985959
0.986088
0.986217
0.986346
0.986473
0.986601
0.986728
0.986854
0.98698
0.987105
0.98723
0.987354
0.987478
0.987601
0.987724
0.987846
0.987968
0.98809
0.988211
0.988331
0.988451
0.988571
0.98869
0.988809
0.988928
0.989046
0.989163
0.98928
0.989397
0.989513
0.989629
0.989745
0.98986
0.989975
0.99009
0.990204
0.990318
0.990431
0.990544
0.990657
0.990769
0.990881
0.990993
0.991104
0.991215
0.991326
0.991436
0.991547
0.991656
0.991766
0.991875
0.991984
0.992093
0.992201
0.992309
0.992417
0.992524
0.992632
0.992739
0.992845
0.992952
0.993058
0.993164
0.99327
0.993375
0.993481
0.993586
0.993691
0.993795
0.9939
0.994004
0.994108
0.994211
0.994315
0.994418
0.994521
0.994624
0.994727
0.99483
0.994932
0.995034
0.995136
0.995238
0.99534
0.995442
0.995543
0.995644
0.995745
0.995846
0.995947
0.996048
0.996148
0.996249
0.996349
0.996449
0.996549
0.996649
0.996749
0.996849
0.996948
0.997048
0.997147
0.997246
0.997346
0.997445
0.997544
0.997643
0.997741
0.99784
0.997939
0.998037
0.998136
0.998234
0.998333
0.998431
0.99853
0.998628
0.998726
0.998824
0.998922
0.99902
0.999118
0.999216
0.999314
0.999412
0.99951
0.999608
0.999706
0.999804
0.999902
