-1
-0.999355
-0.99871
-0.998064
-0.997419
-0.996774
-0.996128
-0.995482
-0.994837
-0.994191
-0.993545
-0.992898
-0.992252
-0.991605
-0.990958
-0.990311
-0.989663
-0.989015
-0.988367
-0.987718
-0.987069
-0.98642
-0.98577
-0.98512
-0.984469
-0.983818
-0.983167
-0.982515
-0.981862
-0.981209
-0.980555
-0.9799
-0.979245
-0.97859
-0.977933
-0.977276
-0.976618
-0.97596
-0.975301
-0.974641
-0.97398
-0.973319
-0.972656
-0.971993
-0.971329
-0.970664
-0.969998
-0.969332
-0.968664
-0.967995
-0.967326
-0.966655
-0.965983
-0.96531
-0.964637
-0.963962
-0.963286
-0.962608
-0.96193
-0.961251
-0.96057
-0.959888
-0.959205
-0.95852
-0.957834
-0.957147
-0.956459
-0.955769
-0.955078
-0.954386
-0.953692
-0.952996
-0.952299
-0.951601
-0.950901
-0.9502
-0.949497
-0.948792
-0.948086
-0.947378
-0.946669
-0.945958
-0.945245
-0.94453
-0.943814
-0.943096
-0.942376
-0.941654
-0.940931
-0.940205
-0.939478
-0.938749
-0.938018
-0.937285
-0.936549
-0.935812
-0.935073
-0.934332
-0.933589
-0.932843
-0.932096
-0.931346
-0.930594
-0.92984
-0.929083
-0.928325
-0.927564
-0.926801
-0.926035
-0.925267
-0.924496
-0.923724
-0.922948
-0.922171
-0.92139
-0.920607
-0.919822
-0.919034
-0.918243
-0.91745
-0.916654
-0.915855
-0.915054
-0.91425
-0.913443
-0.912633
-0.91182
-0.911004
-0.910186
-0.909365
-0.90854
-0.907713
-0.906882
-0.906049
-0.905212
-0.904372
-0.903529
-0.902683
-0.901834
-0.900981
-0.900125
-0.899266
-0.898403
-0.897537
-0.896668
-0.895795
-0.894919
-0.894039
-0.893156
-0.892269
-0.891378
-0.890484
-0.889586
-0.888684
-0.887778
-0.886869
-0.885956
-0.885039
-0.884118
-0.883193
-0.882264
-0.881332
-0.880395
-0.879454
-0.878509
-0.877559
-0.876606
-0.875648
-0.874686
-0.87372
-0.872749
-0.871774
-0.870794
-0.86981
-0.868822
-0.867828
-0.866831
-0.865828
-0.864821
-0.863809
-0.862793
-0.861771
-0.860745
-0.859714
-0.858678
-0.857637
-0.856591
-0.855539
-0.854483
-0.853422
-0.852355
-0.851283
-0.850206
-0.849123
-0.848035
-0.846942
-0.845843
-0.844738
-0.843628
-0.842512
-0.841391
-0.840264
-0.839131
-0.837992
-0.836848
-0.835697
-0.834541
-0.833378
-0.832209
-0.831035
-0.829854
-0.828666
-0.827473
-0.826273
-0.825067
-0.823854
-0.822635
-0.821409
-0.820177
-0.818938
-0.817692
-0.81644
-0.81518
-0.813914
-0.812641
-0.81136
-0.810073
-0.808779
-0.807477
-0.806168
-0.804852
-0.803529
-0.802198
-0.800859
-0.799513
-0.79816
-0.796799
-0.79543
-0.794053
-0.792668
-0.791276
-0.789875
-0.788467
-0.78705
-0.785625
-0.784192
-0.782751
-0.781301
-0.779843
-0.778377
-0.776902
-0.775418
-0.773925
-0.772424
-0.770914
-0.769395
-0.767867
-0.76633
-0.764784
-0.763229
-0.761664
-0.76009
-0.758507
-0.756914
-0.755312
-0.7537
-0.752079
-0.750448
-0.748807
-0.747156
-0.745495
-0.743824
-0.742143
-0.740451
-0.73875
-0.737038
-0.735316
-0.733583
-0.73184
-0.730086
-0.728322
-0.726546
-0.72476
-0.722963
-0.721155
-0.719335
-0.717505
-0.715663
-0.713811
-0.711946
-0.71007
-0.708183
-0.706284
-0.704373
-0.702451
-0.700517
-0.69857
-0.696612
-0.694642
-0.692659
-0.690664
-0.688657
-0.686638
-0.684606
-0.682561
-0.680504
-0.678435
-0.676352
-0.674256
-0.672148
-0.670027
-0.667892
-0.665744
-0.663583
-0.661409
-0.659221
-0.65702
-0.654806
-0.652577
-0.650335
-0.648079
-0.64581
-0.643526
-0.641229
-0.638917
-0.636591
-0.634251
-0.631897
-0.629528
-0.627145
-0.624748
-0.622335
-0.619909
-0.617467
-0.615011
-0.61254
-0.610054
-0.607553
-0.605037
-0.602506
-0.59996
-0.597398
-0.594821
-0.592229
-0.589622
-0.586999
-0.58436
-0.581706
-0.579036
-0.576351
-0.573649
-0.570932
-0.5682
-0.565451
-0.562686
-0.559905
-0.557108
-0.554296
-0.551466
-0.548621
-0.54576
-0.542882
-0.539988
-0.537078
-0.534151
-0.531208
-0.528248
-0.525272
-0.522279
-0.51927
-0.516244
-0.513202
-0.510143
-0.507068
-0.503975
-0.500866
-0.497741
-0.494599
-0.491439
-0.488264
-0.485071
-0.481862
-0.478636
-0.475393
-0.472134
-0.468857
-0.465564
-0.462255
-0.458928
-0.455585
-0.452225
-0.448849
-0.445455
-0.442045
-0.438619
-0.435176
-0.431716
-0.428239
-0.424747
-0.421237
-0.417711
-0.414169
-0.41061
-0.407036
-0.403444
-0.399837
-0.396213
-0.392573
-0.388918
-0.385246
-0.381558
-0.377854
-0.374135
-0.370399
-0.366648
-0.362882
-0.3591
-0.355302
-0.351489
-0.347661
-0.343818
-0.339959
-0.336086
-0.332197
-0.328294
-0.324377
-0.320444
-0.316497
-0.312536
-0.308561
-0.304571
-0.300567
-0.29655
-0.292519
-0.288474
-0.284415
-0.280343
-0.276258
-0.27216
-0.268049
-0.263926
-0.259789
-0.25564
-0.251479
-0.247305
-0.24312
-0.238922
-0.234713
-0.230492
-0.22626
-0.222017
-0.217763
-0.213498
-0.209222
-0.204936
-0.200639
-0.196333
-0.192016
-0.18769
-0.183354
-0.179008
-0.174654
-0.170291
-0.165918
-0.161538
-0.157149
-0.152752
-0.148347
-0.143934
-0.139514
-0.135086
-0.130651
-0.12621
-0.121762
-0.117307
-0.112847
-0.10838
-0.103908
-0.0994297
-0.0949466
-0.0904584
-0.0859654
-0.0814678
-0.0769659
-0.0724599
-0.06795
-0.0634364
-0.0589195
-0.0543994
-0.0498764
-0.0453507
-0.0408226
-0.0362923
-0.03176
-0.0272261
-0.0226906
-0.018154
-0.0136163
-0.00907796
-0.0045391
0
0.0045391
0.00907796
0.0136163
0.018154
0.0226906
0.0272261
0.03176
0.0362923
0.0408226
0.0453507
0.0498764
0.0543994
0.0589195
0.0634364
0.06795
0.0724599
0.0769659
0.0814678
0.0859654
0.0904584
0.0949466
0.0994297
0.103908
0.10838
0.112847
0.117307
0.121762
0.12621
0.130651
0.135086
0.139514
0.143934
0.148347
0.152752
0.157149
0.161538
0.165918
0.170291
0.174654
0.179008
0.183354
0.18769
0.192016
0.196333
0.200639
0.204936
0.209222
0.213498
0.217763
0.222017
0.22626
0.230492
0.234713
0.238922
0.24312
0.247305
0.251479
0.25564
0.259789
0.263926
0.268049
0.27216
0.276258
0.280343
0.284415
0.288474
0.292519
0.29655
0.300567
0.304571
0.308561
0.312536
0.316497
0.320444
0.324377
0.328294
0.332197
0.336086
0.339959
0.343818
0.347661
0.351489
0.355302
0.3591
0.362882
0.366648
0.370399
0.374135
0.377854
0.381558
0.385246
0.388918
0.392573
0.396213
0.399837
0.403444
0.407036
0.41061
0.414169
0.417711
0.421237
0.424747
0.428239
0.431716
0.435176
0.438619
0.442045
0.445455
0.448849
0.452225
0.455585
0.458928
0.462255
0.465564
0.468857
0.472134
0.475393
0.478636
0.481862
0.485071
0.488264
0.491439
0.494599
0.497741
0.500866
0.503975
0.507068
0.510143
0.513202
0.516244
0.51927
0.522279
0.525272
0.528248
0.531208
0.534151
0.537078
0.539988
0.542882
0.54576
0.548621
0.551466
0.554296
0.557108
0.559905
0.562686
0.565451
0.5682
0.570932
0.573649
0.576351
0.579036
0.581706
0.58436
0.586999
0.589622
0.592229
0.594821
0.597398
0.59996
0.602506
0.605037
0.607553
0.610054
0.61254
0.615011
0.617467
0.619909
0.622335
0.624748
0.627145
0.629528
0.631897
0.634251
0.636591
0.638917
0.641229
0.643526
0.64581
0.648079
0.650335
0.652577
0.654806
0.65702
0.659221
0.661409
0.663583
0.665744
0.667892
0.670027
0.672148
0.674256
0.676352
0.678435
0.680504
0.682561
0.684606
0.686638
0.688657
0.690664
0.692659
0.694642
0.696612
0.69857
0.700517
0.702451
0.704373
0.706284
0.708183
0.71007
0.711946
0.713811
0.715663
0.717505
0.719335
0.721155
0.722963
0.72476
0.726546
0.728322
0.730086
0.73184
0.733583
0.735316
0.737038
0.73875
0.740451
0.742143
0.743824
0.745495
0.747156
0.748807
0.750448
0.752079
0.7537
0.755312
0.756914
0.758507
0.76009
0.761664
0.763229
0.764784
0.76633
0.767867
0.769395
0.770914
0.772424
0.773925
0.775418
0.776902
0.778377
0.779843
0.781301
0.782751
0.784192
0.785625
0.78705
0.788467
0.789875
0.791276
0.792668
0.794053
0.79543
0.796799
0.79816
0.799513
0.800859
0.802198
0.803529
0.804852
0.806168
0.807477
0.808779
0.810073
0.81136
0.812641
0.813914
0.81518
0.81644
0.817692
0.818938
0.820177
0.821409
0.822635
0.823854
0.825067
0.826273
0.827473
0.828666
0.829854
0.831035
0.832209
0.833378
0.834541
0.835697
0.836848
0.837992
0.839131
0.840264
0.841391
0.842512
0.843628
0.844738
0.845843
0.846942
0.848035
0.849123
0.850206
0.851283
0.852355
0.853422
0.854483
0.855539
0.856591
0.857637
0.858678
0.859714
0.860745
0.861771
0.862793
0.863809
0.864821
0.865828
0.866831
0.867828
0.868822
0.86981
0.870794
0.871774
0.872749
0.87372
0.874686
0.875648
0.876606
0.877559
0.878509
0.879454
0.880395
0.881332
0.882264
0.883193
0.884118
0.885039
0.885956
0.886869
0.887778
0.888684
0.889586
0.890484
0.891378
0.892269
0.893156
0.894039
0.894919
0.895795
0.896668
0.897537
0.898403
0.899266
0.900125
0.900981
0.901834
0.902683
0.903529
0.904372
0.905212
0.906049
0.906882
0.907713
0.90854
0.909365
0.910186
0.911004
0.91182
0.912633
0.913443
0.91425
0.915054
0.915855
0.916654
0.91745
0.918243
0.919034
0.919822
0.920607
0.92139
0.922171
0.922948
0.923724
0.924496
0.925267
0.926035
0.926801
0.927564
0.928325
0.929083
0.92984
0.930594
0.931346
0.932096
0.932843
0.933589
0.934332
0.935073
0.935812
0.936549
0.937285
0.938018
0.938749
0.939478
0.940205
0.940931
0.941654
0.942376
0.943096
0.943814
0.94453
0.945245
0.945958
0.946669
0.947378
0.948086
0.948792
0.949497
0.9502
0.950901
0.951601
0.952299
0.952996
0.953692
0.954386
0.955078
0.955769
0.956459
0.957147
0.957834
0.95852
0.959205
0.959888
0.96057
0.961251
0.96193
0.962608
0.963286
0.963962
0.964637
0.96531
0.965983
0.966655
0.967326
0.967995
0.968664
0.969332
0.969998
0.970664
0.971329
0.971993
0.972656
0.973319
0.97398
0.974641
0.975301
0.97596
0.976618
0.977276
0.977933
0.97859
0.979245
0.9799
0.980555
0.981209
0.981862
0.982515
0.983167
0.983818
0.984469
0.98512
0.98577
0.98642
0.987069
0.987718
0.988367
0.989015
0.989663
0.990311
0.990958
0.991605
0.992252
0.992898
0.993545
0.994191
0.994837
0.995482
0.996128
0.996774
0.997419
0.998064
0.99871
0.999355
