-1
-0.999968
-0.999937
-0.999905
-0.999874
-0.999842
-0.99981
-0.999779
-0.999747
-0.999716
-0.999684
-0.999652
-0.999621
-0.999589
-0.999557
-0.999526
-0.999494
-0.999462
-0.99943
-0.999399
-0.999367
-0.999335
-0.999303
-0.999271
-0.999239
-0.999208
-0.999176
-0.999144
-0.999112
-0.99908
-0.999048
-0.999015
-0.998983
-0.998951
-0.998919
-0.998887
-0.998854
-0.998822
-0.99879
-0.998757
-0.998725
-0.998693
-0.99866
-0.998627
-0.998595
-0.998562
-0.998529
-0.998497
-0.998464
-0.998431
-0.998398
-0.998365
-0.998332
-0.998299
-0.998266
-0.998233
-0.998199
-0.998166
-0.998132
-0.998099
-0.998065
-0.998032
-0.997998
-0.997964
-0.997931
-0.997897
-0.997863
-0.997829
-0.997795
-0.99776
-0.997726
-0.997692
-0.997657
-0.997623
-0.997588
-0.997553
-0.997519
-0.997484
-0.997449
-0.997414
-0.997379
-0.997343
-0.997308
-0.997273
-0.997237
-0.997201
-0.997166
-0.99713
-0.997094
-0.997058
-0.997022
-0.996985
-0.996949
-0.996913
-0.996876
-0.996839
-0.996802
-0.996766
-0.996728
-0.996691
-0.996654
-0.996617
-0.996579
-0.996541
-0.996503
-0.996466
-0.996427
-0.996389
-0.996351
-0.996312
-0.996274
-0.996235
-0.996196
-0.996157
-0.996118
-0.996078
-0.996039
-0.995999
-0.995959
-0.99592
-0.995879
-0.995839
-0.995799
-0.995758
-0.995717
-0.995676
-0.995635
-0.995594
-0.995553
-0.995511
-0.995469
-0.995427
-0.995385
-0.995343
-0.9953
-0.995257
-0.995214
-0.995171
-0.995128
-0.995085
-0.995041
-0.994997
-0.994953
-0.994909
-0.994864
-0.994819
-0.994774
-0.994729
-0.994684
-0.994638
-0.994592
-0.994546
-0.9945
-0.994454
-0.994407
-0.99436
-0.994313
-0.994265
-0.994218
-0.99417
-0.994121
-0.994073
-0.994024
-0.993975
-0.993926
-0.993877
-0.993827
-0.993777
-0.993726
-0.993676
-0.993625
-0.993574
-0.993522
-0.993471
-0.993419
-0.993366
-0.993314
-0.993261
-0.993208
-0.993154
-0.9931
-0.993046
-0.992992
-0.992937
-0.992882
-0.992826
-0.99277
-0.992714
-0.992658
-0.992601
-0.992543
-0.992486
-0.992428
-0.99237
-0.992311
-0.992252
-0.992193
-0.992133
-0.992072
-0.992012
-0.991951
-0.991889
-0.991828
-0.991765
-0.991703
-0.99164
-0.991576
-0.991512
-0.991448
-0.991383
-0.991318
-0.991252
-0.991186
-0.991119
-0.991052
-0.990985
-0.990917
-0.990848
-0.990779
-0.990709
-0.990639
-0.990569
-0.990498
-0.990426
-0.990354
-0.990281
-0.990208
-0.990134
-0.99006
-0.989985
-0.989909
-0.989833
-0.989757
-0.989679
-0.989601
-0.989523
-0.989444
-0.989364
-0.989283
-0.989202
-0.989121
-0.989038
-0.988955
-0.988871
-0.988787
-0.988702
-0.988616
-0.988529
-0.988442
-0.988354
-0.988265
-0.988176
-0.988085
-0.987994
-0.987902
-0.987809
-0.987716
-0.987621
-0.987526
-0.98743
-0.987333
-0.987235
-0.987137
-0.987037
-0.986936
-0.986835
-0.986733
-0.986629
-0.986525
-0.986419
-0.986313
-0.986206
-0.986097
-0.985988
-0.985877
-0.985766
-0.985653
-0.985539
-0.985425
-0.985309
-0.985191
-0.985073
-0.984953
-0.984833
-0.984711
-0.984587
-0.984463
-0.984337
-0.98421
-0.984081
-0.983951
-0.98382
-0.983687
-0.983553
-0.983417
-0.98328
-0.983142
-0.983002
-0.98286
-0.982717
-0.982572
-0.982426
-0.982278
-0.982128
-0.981976
-0.981823
-0.981668
-0.981511
-0.981352
-0.981192
-0.981029
-0.980865
-0.980699
-0.98053
-0.98036
-0.980187
-0.980013
-0.979836
-0.979657
-0.979475
-0.979292
-0.979106
-0.978918
-0.978727
-0.978534
-0.978338
-0.97814
-0.977939
-0.977736
-0.97753
-0.977321
-0.977109
-0.976894
-0.976676
-0.976456
-0.976232
-0.976005
-0.975775
-0.975542
-0.975305
-0.975066
-0.974822
-0.974575
-0.974325
-0.97407
-0.973812
-0.97355
-0.973285
-0.973015
-0.972741
-0.972463
-0.97218
-0.971893
-0.971602
-0.971306
-0.971005
-0.9707
-0.970389
-0.970074
-0.969753
-0.969427
-0.969096
-0.968759
-0.968416
-0.968068
-0.967713
-0.967353
-0.966986
-0.966612
-0.966232
-0.965846
-0.965452
-0.965051
-0.964643
-0.964228
-0.963805
-0.963373
-0.962934
-0.962486
-0.96203
-0.961565
-0.961091
-0.960607
-0.960114
-0.959611
-0.959098
-0.958574
-0.958039
-0.957494
-0.956937
-0.956368
-0.955787
-0.955194
-0.954588
-0.953968
-0.953335
-0.952687
-0.952025
-0.951348
-0.950655
-0.949946
-0.949221
-0.948478
-0.947717
-0.946938
-0.94614
-0.945322
-0.944484
-0.943625
-0.942744
-0.94184
-0.940912
-0.93996
-0.938982
-0.937979
-0.936947
-0.935888
-0.934799
-0.933679
-0.932527
-0.931342
-0.930122
-0.928866
-0.927572
-0.926239
-0.924866
-0.923449
-0.921988
-0.92048
-0.918923
-0.917316
-0.915655
-0.913938
-0.912162
-0.910325
-0.908424
-0.906455
-0.904415
-0.9023
-0.900107
-0.897832
-0.895469
-0.893015
-0.890464
-0.887811
-0.88505
-0.882176
-0.879181
-0.876059
-0.872802
-0.869402
-0.86585
-0.862138
-0.858254
-0.854188
-0.849928
-0.845463
-0.840777
-0.835857
-0.830687
-0.825249
-0.819525
-0.813495
-0.807137
-0.800428
-0.793343
-0.785855
-0.777933
-0.769546
-0.760659
-0.751236
-0.741237
-0.730619
-0.719337
-0.707342
-0.694582
-0.681004
-0.66655
-0.651161
-0.634775
-0.61733
-0.598762
-0.579009
-0.558011
-0.535709
-0.512051
-0.486992
-0.460497
-0.432541
-0.403116
-0.37223
-0.339908
-0.3062
-0.271178
-0.234935
-0.197591
-0.159288
-0.120189
-0.0804757
-0.0403437
0
0.0403437
0.0804757
0.120189
0.159288
0.197591
0.234935
0.271178
0.3062
0.339908
0.37223
0.403116
0.432541
0.460497
0.486992
0.512051
0.535709
0.558011
0.579009
0.598762
0.61733
0.634775
0.651161
0.66655
0.681004
0.694582
0.707342
0.719337
0.730619
0.741237
0.751236
0.760659
0.769546
0.777933
0.785855
0.793343
0.800428
0.807137
0.813495
0.819525
0.825249
0.830687
0.835857
0.840777
0.845463
0.849928
0.854188
0.858254
0.862138
0.86585
0.869402
0.872802
0.876059
0.879181
0.882176
0.88505
0.887811
0.890464
0.893015
0.895469
0.897832
0.900107
0.9023
0.904415
0.906455
0.908424
0.910325
0.912162
0.913938
0.915655
0.917316
0.918923
0.92048
0.921988
0.923449
0.924866
0.926239
0.927572
0.928866
0.930122
0.931342
0.932527
0.933679
0.934799
0.935888
0.936947
0.937979
0.938982
0.93996
0.940912
0.94184
0.942744
0.943625
0.944484
0.945322
0.94614
0.946938
0.947717
0.948478
0.949221
0.949946
0.950655
0.951348
0.952025
0.952687
0.953335
0.953968
0.954588
0.955194
0.955787
0.956368
0.956937
0.957494
0.958039
0.958574
0.959098
0.959611
0.960114
0.960607
0.961091
0.961565
0.96203
0.962486
0.962934
0.963373
0.963805
0.964228
0.964643
0.965051
0.965452
0.965846
0.966232
0.966612
0.966986
0.967353
0.967713
0.968068
0.968416
0.968759
0.969096
0.969427
0.969753
0.970074
0.970389
0.9707
0.971005
0.971306
0.971602
0.971893
0.97218
0.972463
0.972741
0.973015
0.973285
0.97355
0.973812
0.97407
0.974325
0.974575
0.974822
0.975066
0.975305
0.975542
0.975775
0.976005
0.976232
0.976456
0.976676
0.976894
0.977109
0.977321
0.97753
0.977736
0.977939
0.97814
0.978338
0.978534
0.978727
0.978918
0.979106
0.979292
0.979475
0.979657
0.979836
0.980013
0.980187
0.98036
0.98053
0.980699
0.980865
0.981029
0.981192
0.981352
0.981511
0.981668
0.981823
0.981976
0.982128
0.982278
0.982426
0.982572
0.982717
0.98286
0.983002
0.983142
0.98328
0.983417
0.983553
0.983687
0.98382
0.983951
0.984081
0.98421
0.984337
0.984463
0.984587
0.984711
0.984833
0.984953
0.985073
0.985191
0.985309
0.985425
0.985539
0.985653
0.985766
0.985877
0.985988
0.986097
0.986206
0.986313
0.986419
0.986525
0.986629
0.986733
0.986835
0.986936
0.987037
0.987137
0.987235
0.987333
0.98743
0.987526
0.987621
0.987716
0.987809
0.987902
0.987994
0.988085
0.988176
0.988265
0.988354
0.988442
0.988529
0.988616
0.988702
0.988787
0.988871
0.988955
0.989038
0.989121
0.989202
0.989283
0.989364
0.989444
0.989523
0.989601
0.989679
0.989757
0.989833
0.989909
0.989985
0.99006
0.990134
0.990208
0.990281
0.990354
0.990426
0.990498
0.990569
0.990639
0.990709
0.990779
0.990848
0.990917
0.990985
0.991052
0.991119
0.991186
0.991252
0.991318
0.991383
0.991448
0.991512
0.991576
0.99164
0.991703
0.991765
0.991828
0.991889
0.991951
0.992012
0.992072
0.992133
0.992193
0.992252
0.992311
0.99237
0.992428
0.992486
0.992543
0.992601
0.992658
0.992714
0.99277
0.992826
0.992882
0.992937
0.992992
0.993046
0.9931
0.993154
0.993208
0.993261
0.993314
0.993366
0.993419
0.993471
0.993522
0.993574
0.993625
0.993676
0.993726
0.993777
0.993827
0.993877
0.993926
0.993975
0.994024
0.994073
0.994121
0.99417
0.994218
0.994265
0.994313
0.99436
0.994407
0.994454
0.9945
0.994546
0.994592
0.994638
0.994684
0.994729
0.994774
0.994819
0.994864
0.994909
0.994953
0.994997
0.995041
0.995085
0.995128
0.995171
0.995214
0.995257
0.9953
0.995343
0.995385
0.995427
0.995469
0.995511
0.995553
0.995594
0.995635
0.995676
0.995717
0.995758
0.995799
0.995839
0.995879
0.99592
0.995959
0.995999
0.996039
0.996078
0.996118
0.996157
0.996196
0.996235
0.996274
0.996312
0.996351
0.996389
0.996427
0.996466
0.996503
0.996541
0.996579
0.996617
0.996654
0.996691
0.996728
0.996766
0.996802
0.996839
0.996876
0.996913
0.996949
0.996985
0.997022
0.997058
0.997094
0.99713
0.997166
0.997201
0.997237
0.997273
0.997308
0.997343
0.997379
0.997414
0.997449
0.997484
0.997519
0.997553
0.997588
0.997623
0.997657
0.997692
0.997726
0.99776
0.997795
0.997829
0.997863
0.997897
0.997931
0.997964
0.997998
0.998032
0.998065
0.998099
0.998132
0.998166
0.998199
0.998233
0.998266
0.998299
0.998332
0.998365
0.998398
0.998431
0.998464
0.998497
0.998529
0.998562
0.998595
0.998627
0.99866
0.998693
0.998725
0.998757
0.99879
0.998822
0.998854
0.998887
0.998919
0.998951
0.998983
0.999015
0.999048
0.99908
0.999112
0.999144
0.999176
0.999208
0.999239
0.999271
0.999303
0.999335
0.999367
0.999399
0.99943
0.999462
0.999494
0.999526
0.999557
0.999589
0.999621
0.999652
0.999684
0.999716
0.999747
0.999779
0.99981
0.999842
0.999874
0.999905
0.999937
0.999968
