-1.22465e-16
-0.000210956
-0.000421919
-0.000632897
-0.000843896
-0.00105492
-0.00126599
-0.00147709
-0.00168825
-0.00189947
-0.00211075
-0.0023221
-0.00253353
-0.00274504
-0.00295666
-0.00316837
-0.00338019
-0.00359212
-0.00380418
-0.00401637
-0.00422869
-0.00444116
-0.00465378
-0.00486656
-0.00507951
-0.00529263
-0.00550593
-0.00571942
-0.00593311
-0.006147
-0.0063611
-0.00657542
-0.00678996
-0.00700474
-0.00721976
-0.00743502
-0.00765054
-0.00786633
-0.00808239
-0.00829872
-0.00851534
-0.00873226
-0.00894947
-0.009167
-0.00938484
-0.00960301
-0.00982151
-0.0100403
-0.0102595
-0.0104791
-0.010699
-0.0109193
-0.0111399
-0.011361
-0.0115824
-0.0118043
-0.0120265
-0.0122492
-0.0124723
-0.0126959
-0.0129198
-0.0131443
-0.0133692
-0.0135946
-0.0138204
-0.0140467
-0.0142736
-0.0145009
-0.0147288
-0.0149571
-0.015186
-0.0154155
-0.0156455
-0.015876
-0.0161071
-0.0163388
-0.0165711
-0.0168039
-0.0170374
-0.0172714
-0.0175061
-0.0177414
-0.0179774
-0.018214
-0.0184512
-0.0186892
-0.0189278
-0.019167
-0.019407
-0.0196477
-0.0198891
-0.0201312
-0.0203741
-0.0206177
-0.020862
-0.0211072
-0.0213531
-0.0215997
-0.0218472
-0.0220955
-0.0223446
-0.0225945
-0.0228453
-0.0230969
-0.0233494
-0.0236027
-0.023857
-0.0241121
-0.0243681
-0.0246251
-0.0248829
-0.0251418
-0.0254015
-0.0256622
-0.0259239
-0.0261866
-0.0264503
-0.026715
-0.0269807
-0.0272475
-0.0275153
-0.0277841
-0.0280541
-0.0283251
-0.0285972
-0.0288704
-0.0291448
-0.0294203
-0.0296969
-0.0299747
-0.0302537
-0.0305339
-0.0308153
-0.0310979
-0.0313818
-0.0316669
-0.0319532
-0.0322409
-0.0325298
-0.03282
-0.0331116
-0.0334045
-0.0336988
-0.0339944
-0.0342914
-0.0345898
-0.0348897
-0.0351909
-0.0354936
-0.0357978
-0.0361035
-0.0364107
-0.0367194
-0.0370296
-0.0373414
-0.0376547
-0.0379697
-0.0382862
-0.0386044
-0.0389242
-0.0392457
-0.0395689
-0.0398938
-0.0402203
-0.0405487
-0.0408788
-0.0412106
-0.0415443
-0.0418798
-0.0422171
-0.0425563
-0.0428974
-0.0432404
-0.0435854
-0.0439322
-0.0442811
-0.0446319
-0.0449848
-0.0453397
-0.0456967
-0.0460557
-0.0464169
-0.0467802
-0.0471457
-0.0475134
-0.0478833
-0.0482554
-0.0486298
-0.0490065
-0.0493855
-0.0497668
-0.0501505
-0.0505367
-0.0509252
-0.0513163
-0.0517098
-0.0521058
-0.0525044
-0.0529055
-0.0533093
-0.0537157
-0.0541247
-0.0545365
-0.054951
-0.0553683
-0.0557884
-0.0562113
-0.0566371
-0.0570658
-0.0574974
-0.057932
-0.0583697
-0.0588103
-0.0592541
-0.059701
-0.060151
-0.0606043
-0.0610607
-0.0615205
-0.0619836
-0.0624501
-0.0629199
-0.0633932
-0.06387
-0.0643504
-0.0648343
-0.0653218
-0.0658131
-0.066308
-0.0668067
-0.0673092
-0.0678156
-0.0683259
-0.0688401
-0.0693584
-0.0698807
-0.0704072
-0.0709378
-0.0714727
-0.0720118
-0.0725553
-0.0731032
-0.0736555
-0.0742124
-0.0747738
-0.0753398
-0.0759106
-0.0764861
-0.0770665
-0.0776517
-0.0782419
-0.0788371
-0.0794374
-0.0800429
-0.0806537
-0.0812697
-0.0818911
-0.082518
-0.0831504
-0.0837884
-0.0844321
-0.0850816
-0.0857369
-0.0863982
-0.0870654
-0.0877388
-0.0884184
-0.0891043
-0.0897965
-0.0904952
-0.0912005
-0.0919125
-0.0926311
-0.0933567
-0.0940892
-0.0948288
-0.0955755
-0.0963295
-0.0970909
-0.0978598
-0.0986363
-0.0994205
-0.100213
-0.101013
-0.101821
-0.102637
-0.103462
-0.104295
-0.105137
-0.105987
-0.106847
-0.107715
-0.108592
-0.109479
-0.110376
-0.111282
-0.112197
-0.113123
-0.114059
-0.115005
-0.115961
-0.116928
-0.117906
-0.118894
-0.119894
-0.120905
-0.121928
-0.122963
-0.124009
-0.125067
-0.126138
-0.127222
-0.128318
-0.129427
-0.130549
-0.131685
-0.132834
-0.133998
-0.135175
-0.136367
-0.137574
-0.138796
-0.140033
-0.141285
-0.142553
-0.143838
-0.145138
-0.146456
-0.14779
-0.149142
-0.150512
-0.151899
-0.153305
-0.15473
-0.156174
-0.157637
-0.15912
-0.160623
-0.162147
-0.163692
-0.165259
-0.166847
-0.168458
-0.170091
-0.171748
-0.173428
-0.175133
-0.176863
-0.178617
-0.180398
-0.182205
-0.184038
-0.1859
-0.187789
-0.189707
-0.191654
-0.193632
-0.195639
-0.197678
-0.19975
-0.201853
-0.20399
-0.206162
-0.208368
-0.21061
-0.212889
-0.215205
-0.217559
-0.219952
-0.222386
-0.22486
-0.227377
-0.229937
-0.23254
-0.235189
-0.237884
-0.240626
-0.243417
-0.246258
-0.249149
-0.252093
-0.25509
-0.258142
-0.26125
-0.264416
-0.267642
-0.270927
-0.274275
-0.277687
-0.281165
-0.28471
-0.288323
-0.292008
-0.295766
-0.299598
-0.303507
-0.307494
-0.311563
-0.315714
-0.319952
-0.324276
-0.328691
-0.333199
-0.337802
-0.342502
-0.347303
-0.352208
-0.357219
-0.362339
-0.367571
-0.372919
-0.378385
-0.383974
-0.389687
-0.39553
-0.401506
-0.407617
-0.413869
-0.420264
-0.426808
-0.433503
-0.440355
-0.447367
-0.454543
-0.461889
-0.469407
-0.477104
-0.484983
-0.493048
-0.501305
-0.509758
-0.518411
-0.527268
-0.536335
-0.545614
-0.555111
-0.564828
-0.57477
-0.584939
-0.595339
-0.605971
-0.616838
-0.62794
-0.639278
-0.650851
-0.662658
-0.674696
-0.686961
-0.699446
-0.712146
-0.725049
-0.738145
-0.751419
-0.764854
-0.778429
-0.792121
-0.8059
-0.819735
-0.833589
-0.847417
-0.86117
-0.874794
-0.888224
-0.90139
-0.914213
-0.926605
-0.938467
-0.949692
-0.960162
-0.969746
-0.978304
-0.985684
-0.991722
-0.996245
-0.999068
-0.999998
-0.998834
-0.995366
-0.989385
-0.980678
-0.969032
-0.954245
-0.93612
-0.914477
-0.889155
-0.860018
-0.82696
-0.78991
-0.748839
-0.703761
-0.654743
-0.601902
-0.545409
-0.485494
-0.422437
-0.356576
-0.288292
-0.218015
-0.146209
-0.0733659
0
0.0733659
0.146209
0.218015
0.288292
0.356576
0.422437
0.485494
0.545409
0.601902
0.654743
0.703761
0.748839
0.78991
0.82696
0.860018
0.889155
0.914477
0.93612
0.954245
0.969032
0.980678
0.989385
0.995366
0.998834
0.999998
0.999068
0.996245
0.991722
0.985684
0.978304
0.969746
0.960162
0.949692
0.938467
0.926605
0.914213
0.90139
0.888224
0.874794
0.86117
0.847417
0.833589
0.819735
0.8059
0.792121
0.778429
0.764854
0.751419
0.738145
0.725049
0.712146
0.699446
0.686961
0.674696
0.662658
0.650851
0.639278
0.62794
0.616838
0.605971
0.595339
0.584939
0.57477
0.564828
0.555111
0.545614
0.536335
0.527268
0.518411
0.509758
0.501305
0.493048
0.484983
0.477104
0.469407
0.461889
0.454543
0.447367
0.440355
0.433503
0.426808
0.420264
0.413869
0.407617
0.401506
0.39553
0.389687
0.383974
0.378385
0.372919
0.367571
0.362339
0.357219
0.352208
0.347303
0.342502
0.337802
0.333199
0.328691
0.324276
0.319952
0.315714
0.311563
0.307494
0.303507
0.299598
0.295766
0.292008
0.288323
0.28471
0.281165
0.277687
0.274275
0.270927
0.267642
0.264416
0.26125
0.258142
0.25509
0.252093
0.249149
0.246258
0.243417
0.240626
0.237884
0.235189
0.23254
0.229937
0.227377
0.22486
0.222386
0.219952
0.217559
0.215205
0.212889
0.21061
0.208368
0.206162
0.20399
0.201853
0.19975
0.197678
0.195639
0.193632
0.191654
0.189707
0.187789
0.1859
0.184038
0.182205
0.180398
0.178617
0.176863
0.175133
0.173428
0.171748
0.170091
0.168458
0.166847
0.165259
0.163692
0.162147
0.160623
0.15912
0.157637
0.156174
0.15473
0.153305
0.151899
0.150512
0.149142
0.14779
0.146456
0.145138
0.143838
0.142553
0.141285
0.140033
0.138796
0.137574
0.136367
0.135175
0.133998
0.132834
0.131685
0.130549
0.129427
0.128318
0.127222
0.126138
0.125067
0.124009
0.122963
0.121928
0.120905
0.119894
0.118894
0.117906
0.116928
0.115961
0.115005
0.114059
0.113123
0.112197
0.111282
0.110376
0.109479
0.108592
0.107715
0.106847
0.105987
0.105137
0.104295
0.103462
0.102637
0.101821
0.101013
0.100213
0.0994205
0.0986363
0.0978598
0.0970909
0.0963295
0.0955755
0.0948288
0.0940892
0.0933567
0.0926311
0.0919125
0.0912005
0.0904952
0.0897965
0.0891043
0.0884184
0.0877388
0.0870654
0.0863982
0.0857369
0.0850816
0.0844321
0.0837884
0.0831504
0.082518
0.0818911
0.0812697
0.0806537
0.0800429
0.0794374
0.0788371
0.0782419
0.0776517
0.0770665
0.0764861
0.0759106
0.0753398
0.0747738
0.0742124
0.0736555
0.0731032
0.0725553
0.0720118
0.0714727
0.0709378
0.0704072
0.0698807
0.0693584
0.0688401
0.0683259
0.0678156
0.0673092
0.0668067
0.066308
0.0658131
0.0653218
0.0648343
0.0643504
0.06387
0.0633932
0.0629199
0.0624501
0.0619836
0.0615205
0.0610607
0.0606043
0.060151
0.059701
0.0592541
0.0588103
0.0583697
0.057932
0.0574974
0.0570658
0.0566371
0.0562113
0.0557884
0.0553683
0.054951
0.0545365
0.0541247
0.0537157
0.0533093
0.0529055
0.0525044
0.0521058
0.0517098
0.0513163
0.0509252
0.0505367
0.0501505
0.0497668
0.0493855
0.0490065
0.0486298
0.0482554
0.0478833
0.0475134
0.0471457
0.0467802
0.0464169
0.0460557
0.0456967
0.0453397
0.0449848
0.0446319
0.0442811
0.0439322
0.0435854
0.0432404
0.0428974
0.0425563
0.0422171
0.0418798
0.0415443
0.0412106
0.0408788
0.0405487
0.0402203
0.0398938
0.0395689
0.0392457
0.0389242
0.0386044
0.0382862
0.0379697
0.0376547
0.0373414
0.0370296
0.0367194
0.0364107
0.0361035
0.0357978
0.0354936
0.0351909
0.0348897
0.0345898
0.0342914
0.0339944
0.0336988
0.0334045
0.0331116
0.03282
0.0325298
0.0322409
0.0319532
0.0316669
0.0313818
0.0310979
0.0308153
0.0305339
0.0302537
0.0299747
0.0296969
0.0294203
0.0291448
0.0288704
0.0285972
0.0283251
0.0280541
0.0277841
0.0275153
0.0272475
0.0269807
0.026715
0.0264503
0.0261866
0.0259239
0.0256622
0.0254015
0.0251418
0.0248829
0.0246251
0.0243681
0.0241121
0.023857
0.0236027
0.0233494
0.0230969
0.0228453
0.0225945
0.0223446
0.0220955
0.0218472
0.0215997
0.0213531
0.0211072
0.020862
0.0206177
0.0203741
0.0201312
0.0198891
0.0196477
0.019407
0.019167
0.0189278
0.0186892
0.0184512
0.018214
0.0179774
0.0177414
0.0175061
0.0172714
0.0170374
0.0168039
0.0165711
0.0163388
0.0161071
0.015876
0.0156455
0.0154155
0.015186
0.0149571
0.0147288
0.0145009
0.0142736
0.0140467
0.0138204
0.0135946
0.0133692
0.0131443
0.0129198
0.0126959
0.0124723
0.0122492
0.0120265
0.0118043
0.0115824
0.011361
0.0111399
0.0109193
0.010699
0.0104791
0.0102595
0.0100403
0.00982151
0.00960301
0.00938484
0.009167
0.00894947
0.00873226
0.00851534
0.00829872
0.00808239
0.00786633
0.00765054
0.00743502
0.00721976
0.00700474
0.00678996
0.00657542
0.0063611
0.006147
0.00593311
0.00571942
0.00550593
0.00529263
0.00507951
0.00486656
0.00465378
0.00444116
0.00422869
0.00401637
0.00380418
0.00359212
0.00338019
0.00316837
0.00295666
0.00274504
0.00253353
0.0023221
0.00211075
0.00189947
0.00168825
0.00147709
0.00126599
0.00105492
0.000843896
0.000632897
0.000421919
0.000210956
