-1.22465e-16
-0.000448482
-0.00089698
-0.00134551
-0.00179408
-0.00224271
-0.00269142
-0.00314022
-0.00358913
-0.00403816
-0.00448732
-0.00493664
-0.00538612
-0.00583579
-0.00628565
-0.00673572
-0.00718602
-0.00763657
-0.00808737
-0.00853845
-0.00898982
-0.00944149
-0.00989348
-0.0103458
-0.0107985
-0.0112515
-0.011705
-0.0121588
-0.012613
-0.0130677
-0.0135228
-0.0139784
-0.0144344
-0.0148909
-0.015348
-0.0158055
-0.0162636
-0.0167223
-0.0171815
-0.0176414
-0.0181018
-0.0185628
-0.0190245
-0.0194868
-0.0199498
-0.0204135
-0.0208778
-0.0213429
-0.0218088
-0.0222753
-0.0227427
-0.0232108
-0.0236797
-0.0241495
-0.02462
-0.0250915
-0.0255638
-0.0260369
-0.026511
-0.026986
-0.0274619
-0.0279388
-0.0284167
-0.0288955
-0.0293754
-0.0298563
-0.0303382
-0.0308212
-0.0313052
-0.0317904
-0.0322766
-0.032764
-0.0332526
-0.0337423
-0.0342332
-0.0347253
-0.0352187
-0.0357133
-0.0362091
-0.0367063
-0.0372047
-0.0377044
-0.0382055
-0.038708
-0.0392118
-0.0397171
-0.0402237
-0.0407318
-0.0412414
-0.0417524
-0.042265
-0.0427791
-0.0432947
-0.0438118
-0.0443306
-0.044851
-0.0453729
-0.0458966
-0.0464219
-0.0469489
-0.0474776
-0.0480081
-0.0485403
-0.0490743
-0.0496101
-0.0501477
-0.0506872
-0.0512286
-0.0517718
-0.052317
-0.0528642
-0.0534132
-0.0539643
-0.0545174
-0.0550726
-0.0556298
-0.0561891
-0.0567505
-0.0573141
-0.0578798
-0.0584478
-0.0590179
-0.0595903
-0.060165
-0.060742
-0.0613213
-0.0619029
-0.062487
-0.0630734
-0.0636623
-0.0642537
-0.0648475
-0.0654439
-0.0660428
-0.0666443
-0.0672485
-0.0678552
-0.0684647
-0.0690768
-0.0696917
-0.0703093
-0.0709298
-0.0715531
-0.0721792
-0.0728082
-0.0734402
-0.0740751
-0.074713
-0.075354
-0.075998
-0.0766451
-0.0772953
-0.0779487
-0.0786053
-0.0792651
-0.0799282
-0.0805947
-0.0812644
-0.0819376
-0.0826142
-0.0832942
-0.0839778
-0.0846649
-0.0853555
-0.0860498
-0.0867478
-0.0874494
-0.0881548
-0.088864
-0.089577
-0.0902939
-0.0910147
-0.0917395
-0.0924683
-0.0932011
-0.093938
-0.0946791
-0.0954243
-0.0961738
-0.0969276
-0.0976857
-0.0984482
-0.0992151
-0.0999865
-0.100762
-0.101543
-0.102328
-0.103118
-0.103913
-0.104712
-0.105516
-0.106325
-0.107139
-0.107959
-0.108783
-0.109612
-0.110447
-0.111286
-0.112131
-0.112982
-0.113838
-0.114699
-0.115566
-0.116439
-0.117317
-0.118201
-0.119091
-0.119987
-0.120889
-0.121797
-0.122711
-0.123631
-0.124557
-0.12549
-0.126429
-0.127374
-0.128327
-0.129285
-0.130251
-0.131223
-0.132202
-0.133188
-0.134182
-0.135182
-0.136189
-0.137204
-0.138227
-0.139256
-0.140294
-0.141338
-0.142391
-0.143452
-0.14452
-0.145597
-0.146682
-0.147775
-0.148876
-0.149986
-0.151104
-0.152231
-0.153367
-0.154512
-0.155665
-0.156828
-0.158
-0.159182
-0.160373
-0.161573
-0.162783
-0.164004
-0.165234
-0.166474
-0.167724
-0.168985
-0.170256
-0.171538
-0.172831
-0.174134
-0.175449
-0.176775
-0.178112
-0.179461
-0.180821
-0.182193
-0.183577
-0.184974
-0.186382
-0.187803
-0.189237
-0.190684
-0.192143
-0.193616
-0.195102
-0.196601
-0.198114
-0.199642
-0.201183
-0.202738
-0.204308
-0.205893
-0.207493
-0.209107
-0.210737
-0.212383
-0.214044
-0.215722
-0.217415
-0.219125
-0.220852
-0.222595
-0.224356
-0.226134
-0.22793
-0.229744
-0.231576
-0.233426
-0.235295
-0.237183
-0.239091
-0.241018
-0.242964
-0.244931
-0.246919
-0.248927
-0.250956
-0.253007
-0.255079
-0.257174
-0.259291
-0.26143
-0.263593
-0.265779
-0.267988
-0.270222
-0.272481
-0.274764
-0.277073
-0.279407
-0.281767
-0.284154
-0.286568
-0.289009
-0.291478
-0.293975
-0.296501
-0.299055
-0.30164
-0.304254
-0.306899
-0.309574
-0.312282
-0.315021
-0.317793
-0.320597
-0.323436
-0.326308
-0.329215
-0.332157
-0.335135
-0.338149
-0.341201
-0.344289
-0.347416
-0.350582
-0.353787
-0.357032
-0.360317
-0.363644
-0.367013
-0.370425
-0.37388
-0.377379
-0.380923
-0.384512
-0.388148
-0.39183
-0.395561
-0.39934
-0.403168
-0.407046
-0.410975
-0.414955
-0.418988
-0.423075
-0.427215
-0.431411
-0.435662
-0.43997
-0.444335
-0.448759
-0.453242
-0.457785
-0.46239
-0.467056
-0.471785
-0.476577
-0.481435
-0.486357
-0.491346
-0.496403
-0.501527
-0.506721
-0.511984
-0.517318
-0.522723
-0.528201
-0.533752
-0.539377
-0.545077
-0.550852
-0.556703
-0.562631
-0.568637
-0.57472
-0.580882
-0.587123
-0.593443
-0.599843
-0.606323
-0.612883
-0.619523
-0.626244
-0.633045
-0.639926
-0.646886
-0.653926
-0.661045
-0.668241
-0.675514
-0.682863
-0.690287
-0.697783
-0.705351
-0.712988
-0.720692
-0.728461
-0.736291
-0.74418
-0.752123
-0.760118
-0.76816
-0.776244
-0.784365
-0.792517
-0.800695
-0.808891
-0.817099
-0.825311
-0.833518
-0.841711
-0.849881
-0.858016
-0.866106
-0.874138
-0.882099
-0.889976
-0.897753
-0.905415
-0.912944
-0.920323
-0.927533
-0.934554
-0.941363
-0.94794
-0.95426
-0.960298
-0.966028
-0.971423
-0.976454
-0.98109
-0.985301
-0.989055
-0.992316
-0.995052
-0.997225
-0.998798
-0.999734
-0.999994
-0.999538
-0.998326
-0.996316
-0.993468
-0.989741
-0.985093
-0.979483
-0.972871
-0.965217
-0.956482
-0.946629
-0.935621
-0.923425
-0.91001
-0.895346
-0.879407
-0.86217
-0.843617
-0.823731
-0.802502
-0.779924
-0.755996
-0.73072
-0.704108
-0.676173
-0.646937
-0.616427
-0.584676
-0.551724
-0.517616
-0.482404
-0.446145
-0.408903
-0.370748
-0.331755
-0.292002
-0.251573
-0.210559
-0.169049
-0.12714
-0.0849286
-0.0425151
0
0.0425151
0.0849286
0.12714
0.169049
0.210559
0.251573
0.292002
0.331755
0.370748
0.408903
0.446145
0.482404
0.517616
0.551724
0.584676
0.616427
0.646937
0.676173
0.704108
0.73072
0.755996
0.779924
0.802502
0.823731
0.843617
0.86217
0.879407
0.895346
0.91001
0.923425
0.935621
0.946629
0.956482
0.965217
0.972871
0.979483
0.985093
0.989741
0.993468
0.996316
0.998326
0.999538
0.999994
0.999734
0.998798
0.997225
0.995052
0.992316
0.989055
0.985301
0.98109
0.976454
0.971423
0.966028
0.960298
0.95426
0.94794
0.941363
0.934554
0.927533
0.920323
0.912944
0.905415
0.897753
0.889976
0.882099
0.874138
0.866106
0.858016
0.849881
0.841711
0.833518
0.825311
0.817099
0.808891
0.800695
0.792517
0.784365
0.776244
0.76816
0.760118
0.752123
0.74418
0.736291
0.728461
0.720692
0.712988
0.705351
0.697783
0.690287
0.682863
0.675514
0.668241
0.661045
0.653926
0.646886
0.639926
0.633045
0.626244
0.619523
0.612883
0.606323
0.599843
0.593443
0.587123
0.580882
0.57472
0.568637
0.562631
0.556703
0.550852
0.545077
0.539377
0.533752
0.528201
0.522723
0.517318
0.511984
0.506721
0.501527
0.496403
0.491346
0.486357
0.481435
0.476577
0.471785
0.467056
0.46239
0.457785
0.453242
0.448759
0.444335
0.43997
0.435662
0.431411
0.427215
0.423075
0.418988
0.414955
0.410975
0.407046
0.403168
0.39934
0.395561
0.39183
0.388148
0.384512
0.380923
0.377379
0.37388
0.370425
0.367013
0.363644
0.360317
0.357032
0.353787
0.350582
0.347416
0.344289
0.341201
0.338149
0.335135
0.332157
0.329215
0.326308
0.323436
0.320597
0.317793
0.315021
0.312282
0.309574
0.306899
0.304254
0.30164
0.299055
0.296501
0.293975
0.291478
0.289009
0.286568
0.284154
0.281767
0.279407
0.277073
0.274764
0.272481
0.270222
0.267988
0.265779
0.263593
0.26143
0.259291
0.257174
0.255079
0.253007
0.250956
0.248927
0.246919
0.244931
0.242964
0.241018
0.239091
0.237183
0.235295
0.233426
0.231576
0.229744
0.22793
0.226134
0.224356
0.222595
0.220852
0.219125
0.217415
0.215722
0.214044
0.212383
0.210737
0.209107
0.207493
0.205893
0.204308
0.202738
0.201183
0.199642
0.198114
0.196601
0.195102
0.193616
0.192143
0.190684
0.189237
0.187803
0.186382
0.184974
0.183577
0.182193
0.180821
0.179461
0.178112
0.176775
0.175449
0.174134
0.172831
0.171538
0.170256
0.168985
0.167724
0.166474
0.165234
0.164004
0.162783
0.161573
0.160373
0.159182
0.158
0.156828
0.155665
0.154512
0.153367
0.152231
0.151104
0.149986
0.148876
0.147775
0.146682
0.145597
0.14452
0.143452
0.142391
0.141338
0.140294
0.139256
0.138227
0.137204
0.136189
0.135182
0.134182
0.133188
0.132202
0.131223
0.130251
0.129285
0.128327
0.127374
0.126429
0.12549
0.124557
0.123631
0.122711
0.121797
0.120889
0.119987
0.119091
0.118201
0.117317
0.116439
0.115566
0.114699
0.113838
0.112982
0.112131
0.111286
0.110447
0.109612
0.108783
0.107959
0.107139
0.106325
0.105516
0.104712
0.103913
0.103118
0.102328
0.101543
0.100762
0.0999865
0.0992151
0.0984482
0.0976857
0.0969276
0.0961738
0.0954243
0.0946791
0.093938
0.0932011
0.0924683
0.0917395
0.0910147
0.0902939
0.089577
0.088864
0.0881548
0.0874494
0.0867478
0.0860498
0.0853555
0.0846649
0.0839778
0.0832942
0.0826142
0.0819376
0.0812644
0.0805947
0.0799282
0.0792651
0.0786053
0.0779487
0.0772953
0.0766451
0.075998
0.075354
0.074713
0.0740751
0.0734402
0.0728082
0.0721792
0.0715531
0.0709298
0.0703093
0.0696917
0.0690768
0.0684647
0.0678552
0.0672485
0.0666443
0.0660428
0.0654439
0.0648475
0.0642537
0.0636623
0.0630734
0.062487
0.0619029
0.0613213
0.060742
0.060165
0.0595903
0.0590179
0.0584478
0.0578798
0.0573141
0.0567505
0.0561891
0.0556298
0.0550726
0.0545174
0.0539643
0.0534132
0.0528642
0.052317
0.0517718
0.0512286
0.0506872
0.0501477
0.0496101
0.0490743
0.0485403
0.0480081
0.0474776
0.0469489
0.0464219
0.0458966
0.0453729
0.044851
0.0443306
0.0438118
0.0432947
0.0427791
0.042265
0.0417524
0.0412414
0.0407318
0.0402237
0.0397171
0.0392118
0.038708
0.0382055
0.0377044
0.0372047
0.0367063
0.0362091
0.0357133
0.0352187
0.0347253
0.0342332
0.0337423
0.0332526
0.032764
0.0322766
0.0317904
0.0313052
0.0308212
0.0303382
0.0298563
0.0293754
0.0288955
0.0284167
0.0279388
0.0274619
0.026986
0.026511
0.0260369
0.0255638
0.0250915
0.02462
0.0241495
0.0236797
0.0232108
0.0227427
0.0222753
0.0218088
0.0213429
0.0208778
0.0204135
0.0199498
0.0194868
0.0190245
0.0185628
0.0181018
0.0176414
0.0171815
0.0167223
0.0162636
0.0158055
0.015348
0.0148909
0.0144344
0.0139784
0.0135228
0.0130677
0.012613
0.0121588
0.011705
0.0112515
0.0107985
0.0103458
0.00989348
0.00944149
0.00898982
0.00853845
0.00808737
0.00763657
0.00718602
0.00673572
0.00628565
0.00583579
0.00538612
0.00493664
0.00448732
0.00403816
0.00358913
0.00314022
0.00269142
0.00224271
0.00179408
0.00134551
0.00089698
0.000448482
