-1
-0.999059
-0.998118
-0.997178
-0.996237
-0.995296
-0.994355
-0.993413
-0.992472
-0.99153
-0.990588
-0.989646
-0.988704
-0.987761
-0.986818
-0.985875
-0.984931
-0.983987
-0.983042
-0.982097
-0.981152
-0.980206
-0.979259
-0.978312
-0.977364
-0.976416
-0.975467
-0.974517
-0.973567
-0.972616
-0.971665
-0.970712
-0.969759
-0.968805
-0.96785
-0.966895
-0.965938
-0.964981
-0.964022
-0.963063
-0.962102
-0.961141
-0.960179
-0.959215
-0.958251
-0.957285
-0.956318
-0.95535
-0.954381
-0.953411
-0.952439
-0.951467
-0.950493
-0.949517
-0.94854
-0.947562
-0.946583
-0.945602
-0.944619
-0.943635
-0.94265
-0.941663
-0.940675
-0.939685
-0.938693
-0.9377
-0.936705
-0.935708
-0.93471
-0.93371
-0.932708
-0.931705
-0.930699
-0.929692
-0.928683
-0.927672
-0.926659
-0.925644
-0.924628
-0.923609
-0.922588
-0.921565
-0.92054
-0.919513
-0.918484
-0.917452
-0.916419
-0.915383
-0.914345
-0.913305
-0.912262
-0.911217
-0.91017
-0.90912
-0.908068
-0.907013
-0.905957
-0.904897
-0.903835
-0.90277
-0.901703
-0.900634
-0.899561
-0.898486
-0.897409
-0.896328
-0.895245
-0.894159
-0.89307
-0.891979
-0.890884
-0.889787
-0.888687
-0.887583
-0.886477
-0.885368
-0.884256
-0.883141
-0.882022
-0.880901
-0.879776
-0.878648
-0.877517
-0.876383
-0.875246
-0.874105
-0.872961
-0.871813
-0.870662
-0.869508
-0.86835
-0.867189
-0.866024
-0.864856
-0.863684
-0.862509
-0.86133
-0.860147
-0.858961
-0.857771
-0.856577
-0.855379
-0.854178
-0.852972
-0.851763
-0.85055
-0.849333
-0.848112
-0.846888
-0.845659
-0.844426
-0.843188
-0.841947
-0.840702
-0.839452
-0.838199
-0.836941
-0.835678
-0.834412
-0.833141
-0.831866
-0.830586
-0.829302
-0.828013
-0.82672
-0.825423
-0.824121
-0.822814
-0.821502
-0.820186
-0.818866
-0.81754
-0.81621
-0.814875
-0.813535
-0.812191
-0.810841
-0.809487
-0.808127
-0.806763
-0.805393
-0.804019
-0.802639
-0.801255
-0.799865
-0.79847
-0.79707
-0.795664
-0.794254
-0.792838
-0.791416
-0.78999
-0.788557
-0.78712
-0.785677
-0.784228
-0.782774
-0.781314
-0.779849
-0.778378
-0.776902
-0.775419
-0.773931
-0.772437
-0.770938
-0.769432
-0.767921
-0.766403
-0.76488
-0.763351
-0.761816
-0.760275
-0.758727
-0.757174
-0.755614
-0.754049
-0.752477
-0.750898
-0.749314
-0.747723
-0.746126
-0.744523
-0.742913
-0.741296
-0.739674
-0.738044
-0.736409
-0.734766
-0.733117
-0.731462
-0.729799
-0.72813
-0.726455
-0.724772
-0.723083
-0.721387
-0.719684
-0.717974
-0.716257
-0.714534
-0.712803
-0.711065
-0.709321
-0.707569
-0.70581
-0.704044
-0.702271
-0.70049
-0.698703
-0.696908
-0.695106
-0.693296
-0.691479
-0.689655
-0.687823
-0.685984
-0.684138
-0.682284
-0.680422
-0.678553
-0.676676
-0.674792
-0.6729
-0.671001
-0.669093
-0.667178
-0.665255
-0.663325
-0.661387
-0.65944
-0.657486
-0.655524
-0.653555
-0.651577
-0.649591
-0.647597
-0.645596
-0.643586
-0.641568
-0.639542
-0.637508
-0.635466
-0.633416
-0.631358
-0.629291
-0.627216
-0.625133
-0.623042
-0.620942
-0.618834
-0.616718
-0.614594
-0.612461
-0.610319
-0.60817
-0.606011
-0.603845
-0.60167
-0.599486
-0.597294
-0.595094
-0.592885
-0.590667
-0.588441
-0.586206
-0.583963
-0.581711
-0.579451
-0.577182
-0.574904
-0.572618
-0.570322
-0.568019
-0.565706
-0.563385
-0.561055
-0.558717
-0.556369
-0.554013
-0.551649
-0.549275
-0.546893
-0.544502
-0.542102
-0.539693
-0.537276
-0.53485
-0.532415
-0.529971
-0.527519
-0.525057
-0.522587
-0.520108
-0.51762
-0.515124
-0.512618
-0.510104
-0.507581
-0.50505
-0.502509
-0.49996
-0.497401
-0.494834
-0.492259
-0.489674
-0.487081
-0.484479
-0.481868
-0.479249
-0.47662
-0.473983
-0.471338
-0.468683
-0.46602
-0.463348
-0.460668
-0.457979
-0.455281
-0.452574
-0.449859
-0.447136
-0.444404
-0.441663
-0.438913
-0.436156
-0.433389
-0.430614
-0.427831
-0.425039
-0.422239
-0.419431
-0.416614
-0.413789
-0.410955
-0.408113
-0.405263
-0.402404
-0.399538
-0.396663
-0.39378
-0.390889
-0.38799
-0.385082
-0.382167
-0.379244
-0.376313
-0.373373
-0.370426
-0.367471
-0.364508
-0.361538
-0.358559
-0.355573
-0.35258
-0.349578
-0.346569
-0.343553
-0.340529
-0.337497
-0.334458
-0.331412
-0.328359
-0.325298
-0.32223
-0.319154
-0.316072
-0.312982
-0.309886
-0.306782
-0.303671
-0.300554
-0.29743
-0.294299
-0.291161
-0.288016
-0.284865
-0.281707
-0.278543
-0.275373
-0.272196
-0.269012
-0.265822
-0.262627
-0.259424
-0.256216
-0.253002
-0.249782
-0.246556
-0.243324
-0.240086
-0.236843
-0.233594
-0.230339
-0.227079
-0.223813
-0.220542
-0.217265
-0.213984
-0.210697
-0.207405
-0.204108
-0.200806
-0.197499
-0.194187
-0.190871
-0.18755
-0.184224
-0.180894
-0.177559
-0.17422
-0.170876
-0.167529
-0.164177
-0.160821
-0.157461
-0.154097
-0.150729
-0.147358
-0.143983
-0.140604
-0.137222
-0.133836
-0.130447
-0.127055
-0.123659
-0.12026
-0.116859
-0.113454
-0.110046
-0.106636
-0.103223
-0.0998073
-0.0963891
-0.0929684
-0.0895454
-0.0861201
-0.0826926
-0.079263
-0.0758313
-0.0723978
-0.0689623
-0.0655251
-0.0620863
-0.0586458
-0.0552039
-0.0517605
-0.0483158
-0.0448699
-0.0414228
-0.0379746
-0.0345255
-0.0310755
-0.0276247
-0.0241731
-0.020721
-0.0172683
-0.0138152
-0.0103617
-0.00690794
-0.00345401
0
0.00345401
0.00690794
0.0103617
0.0138152
0.0172683
0.020721
0.0241731
0.0276247
0.0310755
0.0345255
0.0379746
0.0414228
0.0448699
0.0483158
0.0517605
0.0552039
0.0586458
0.0620863
0.0655251
0.0689623
0.0723978
0.0758313
0.079263
0.0826926
0.0861201
0.0895454
0.0929684
0.0963891
0.0998073
0.103223
0.106636
0.110046
0.113454
0.116859
0.12026
0.123659
0.127055
0.130447
0.133836
0.137222
0.140604
0.143983
0.147358
0.150729
0.154097
0.157461
0.160821
0.164177
0.167529
0.170876
0.17422
0.177559
0.180894
0.184224
0.18755
0.190871
0.194187
0.197499
0.200806
0.204108
0.207405
0.210697
0.213984
0.217265
0.220542
0.223813
0.227079
0.230339
0.233594
0.236843
0.240086
0.243324
0.246556
0.249782
0.253002
0.256216
0.259424
0.262627
0.265822
0.269012
0.272196
0.275373
0.278543
0.281707
0.284865
0.288016
0.291161
0.294299
0.29743
0.300554
0.303671
0.306782
0.309886
0.312982
0.316072
0.319154
0.32223
0.325298
0.328359
0.331412
0.334458
0.337497
0.340529
0.343553
0.346569
0.349578
0.35258
0.355573
0.358559
0.361538
0.364508
0.367471
0.370426
0.373373
0.376313
0.379244
0.382167
0.385082
0.38799
0.390889
0.39378
0.396663
0.399538
0.402404
0.405263
0.408113
0.410955
0.413789
0.416614
0.419431
0.422239
0.425039
0.427831
0.430614
0.433389
0.436156
0.438913
0.441663
0.444404
0.447136
0.449859
0.452574
0.455281
0.457979
0.460668
0.463348
0.46602
0.468683
0.471338
0.473983
0.47662
0.479249
0.481868
0.484479
0.487081
0.489674
0.492259
0.494834
0.497401
0.49996
0.502509
0.50505
0.507581
0.510104
0.512618
0.515124
0.51762
0.520108
0.522587
0.525057
0.527519
0.529971
0.532415
0.53485
0.537276
0.539693
0.542102
0.544502
0.546893
0.549275
0.551649
0.554013
0.556369
0.558717
0.561055
0.563385
0.565706
0.568019
0.570322
0.572618
0.574904
0.577182
0.579451
0.581711
0.583963
0.586206
0.588441
0.590667
0.592885
0.595094
0.597294
0.599486
0.60167
0.603845
0.606011
0.60817
0.610319
0.612461
0.614594
0.616718
0.618834
0.620942
0.623042
0.625133
0.627216
0.629291
0.631358
0.633416
0.635466
0.637508
0.639542
0.641568
0.643586
0.645596
0.647597
0.649591
0.651577
0.653555
0.655524
0.657486
0.65944
0.661387
0.663325
0.665255
0.667178
0.669093
0.671001
0.6729
0.674792
0.676676
0.678553
0.680422
0.682284
0.684138
0.685984
0.687823
0.689655
0.691479
0.693296
0.695106
0.696908
0.698703
0.70049
0.702271
0.704044
0.70581
0.707569
0.709321
0.711065
0.712803
0.714534
0.716257
0.717974
0.719684
0.721387
0.723083
0.724772
0.726455
0.72813
0.729799
0.731462
0.733117
0.734766
0.736409
0.738044
0.739674
0.741296
0.742913
0.744523
0.746126
0.747723
0.749314
0.750898
0.752477
0.754049
0.755614
0.757174
0.758727
0.760275
0.761816
0.763351
0.76488
0.766403
0.767921
0.769432
0.770938
0.772437
0.773931
0.775419
0.776902
0.778378
0.779849
0.781314
0.782774
0.784228
0.785677
0.78712
0.788557
0.78999
0.791416
0.792838
0.794254
0.795664
0.79707
0.79847
0.799865
0.801255
0.802639
0.804019
0.805393
0.806763
0.808127
0.809487
0.810841
0.812191
0.813535
0.814875
0.81621
0.81754
0.818866
0.820186
0.821502
0.822814
0.824121
0.825423
0.82672
0.828013
0.829302
0.830586
0.831866
0.833141
0.834412
0.835678
0.836941
0.838199
0.839452
0.840702
0.841947
0.843188
0.844426
0.845659
0.846888
0.848112
0.849333
0.85055
0.851763
0.852972
0.854178
0.855379
0.856577
0.857771
0.858961
0.860147
0.86133
0.862509
0.863684
0.864856
0.866024
0.867189
0.86835
0.869508
0.870662
0.871813
0.872961
0.874105
0.875246
0.876383
0.877517
0.878648
0.879776
0.880901
0.882022
0.883141
0.884256
0.885368
0.886477
0.887583
0.888687
0.889787
0.890884
0.891979
0.89307
0.894159
0.895245
0.896328
0.897409
0.898486
0.899561
0.900634
0.901703
0.90277
0.903835
0.904897
0.905957
0.907013
0.908068
0.90912
0.91017
0.911217
0.912262
0.913305
0.914345
0.915383
0.916419
0.917452
0.918484
0.919513
0.92054
0.921565
0.922588
0.923609
0.924628
0.925644
0.926659
0.927672
0.928683
0.929692
0.930699
0.931705
0.932708
0.93371
0.93471
0.935708
0.936705
0.9377
0.938693
0.939685
0.940675
0.941663
0.94265
0.943635
0.944619
0.945602
0.946583
0.947562
0.94854
0.949517
0.950493
0.951467
0.952439
0.953411
0.954381
0.95535
0.956318
0.957285
0.958251
0.959215
0.960179
0.961141
0.962102
0.963063
0.964022
0.964981
0.965938
0.966895
0.96785
0.968805
0.969759
0.970712
0.971665
0.972616
0.973567
0.974517
0.975467
0.976416
0.977364
0.978312
0.979259
0.980206
0.981152
0.982097
0.983042
0.983987
0.984931
0.985875
0.986818
0.987761
0.988704
0.989646
0.990588
0.99153
0.992472
0.993413
0.994355
0.995296
0.996237
0.997178
0.998118
0.999059
