-1
-0.999954
-0.999908
-0.999862
-0.999816
-0.99977
-0.999724
-0.999678
-0.999631
-0.999585
-0.999539
-0.999493
-0.999447
-0.999401
-0.999355
-0.999308
-0.999262
-0.999216
-0.99917
-0.999123
-0.999077
-0.99903
-0.998984
-0.998938
-0.998891
-0.998845
-0.998798
-0.998751
-0.998705
-0.998658
-0.998611
-0.998565
-0.998518
-0.998471
-0.998424
-0.998377
-0.99833
-0.998283
-0.998236
-0.998188
-0.998141
-0.998094
-0.998046
-0.997999
-0.997951
-0.997904
-0.997856
-0.997808
-0.99776
-0.997712
-0.997664
-0.997616
-0.997568
-0.99752
-0.997471
-0.997423
-0.997374
-0.997326
-0.997277
-0.997228
-0.997179
-0.99713
-0.997081
-0.997032
-0.996983
-0.996933
-0.996884
-0.996834
-0.996784
-0.996735
-0.996685
-0.996634
-0.996584
-0.996534
-0.996483
-0.996433
-0.996382
-0.996331
-0.99628
-0.996229
-0.996178
-0.996127
-0.996075
-0.996023
-0.995972
-0.99592
-0.995868
-0.995815
-0.995763
-0.99571
-0.995658
-0.995605
-0.995552
-0.995498
-0.995445
-0.995392
-0.995338
-0.995284
-0.99523
-0.995176
-0.995121
-0.995067
-0.995012
-0.994957
-0.994902
-0.994847
-0.994791
-0.994735
-0.994679
-0.994623
-0.994567
-0.99451
-0.994454
-0.994397
-0.99434
-0.994282
-0.994225
-0.994167
-0.994109
-0.994051
-0.993992
-0.993933
-0.993874
-0.993815
-0.993756
-0.993696
-0.993636
-0.993576
-0.993515
-0.993455
-0.993394
-0.993333
-0.993271
-0.993209
-0.993147
-0.993085
-0.993023
-0.99296
-0.992897
-0.992833
-0.992769
-0.992705
-0.992641
-0.992577
-0.992512
-0.992447
-0.992381
-0.992315
-0.992249
-0.992183
-0.992116
-0.992049
-0.991981
-0.991913
-0.991845
-0.991777
-0.991708
-0.991639
-0.991569
-0.991499
-0.991429
-0.991358
-0.991287
-0.991216
-0.991144
-0.991072
-0.991
-0.990927
-0.990853
-0.99078
-0.990705
-0.990631
-0.990556
-0.99048
-0.990405
-0.990328
-0.990252
-0.990175
-0.990097
-0.990019
-0.98994
-0.989861
-0.989782
-0.989702
-0.989622
-0.989541
-0.989459
-0.989378
-0.989295
-0.989212
-0.989129
-0.989045
-0.98896
-0.988876
-0.98879
-0.988704
-0.988617
-0.98853
-0.988442
-0.988354
-0.988265
-0.988176
-0.988086
-0.987995
-0.987904
-0.987812
-0.987719
-0.987626
-0.987532
-0.987438
-0.987343
-0.987247
-0.98715
-0.987053
-0.986955
-0.986857
-0.986758
-0.986658
-0.986557
-0.986456
-0.986354
-0.986251
-0.986147
-0.986043
-0.985938
-0.985832
-0.985725
-0.985617
-0.985509
-0.9854
-0.98529
-0.985179
-0.985067
-0.984954
-0.984841
-0.984726
-0.984611
-0.984495
-0.984377
-0.984259
-0.98414
-0.98402
-0.983899
-0.983777
-0.983654
-0.98353
-0.983405
-0.983279
-0.983151
-0.983023
-0.982894
-0.982763
-0.982631
-0.982499
-0.982365
-0.982229
-0.982093
-0.981956
-0.981817
-0.981677
-0.981536
-0.981393
-0.981249
-0.981104
-0.980958
-0.98081
-0.980661
-0.98051
-0.980358
-0.980205
-0.98005
-0.979893
-0.979735
-0.979576
-0.979415
-0.979253
-0.979088
-0.978923
-0.978755
-0.978586
-0.978416
-0.978243
-0.978069
-0.977893
-0.977715
-0.977536
-0.977354
-0.977171
-0.976986
-0.976798
-0.976609
-0.976418
-0.976225
-0.97603
-0.975832
-0.975633
-0.975431
-0.975227
-0.975021
-0.974812
-0.974601
-0.974388
-0.974173
-0.973954
-0.973734
-0.973511
-0.973285
-0.973057
-0.972826
-0.972592
-0.972356
-0.972116
-0.971874
-0.971629
-0.971381
-0.97113
-0.970876
-0.970618
-0.970358
-0.970094
-0.969827
-0.969556
-0.969283
-0.969005
-0.968724
-0.968439
-0.968151
-0.967859
-0.967563
-0.967263
-0.966959
-0.966651
-0.966339
-0.966022
-0.965701
-0.965376
-0.965046
-0.964712
-0.964373
-0.964029
-0.96368
-0.963326
-0.962967
-0.962603
-0.962233
-0.961858
-0.961478
-0.961091
-0.960699
-0.960301
-0.959897
-0.959487
-0.95907
-0.958647
-0.958217
-0.95778
-0.957337
-0.956886
-0.956428
-0.955962
-0.955489
-0.955008
-0.954519
-0.954022
-0.953516
-0.953002
-0.952479
-0.951946
-0.951405
-0.950854
-0.950293
-0.949723
-0.949142
-0.94855
-0.947948
-0.947335
-0.94671
-0.946073
-0.945425
-0.944764
-0.94409
-0.943404
-0.942704
-0.94199
-0.941262
-0.94052
-0.939762
-0.93899
-0.938201
-0.937396
-0.936574
-0.935735
-0.934877
-0.934002
-0.933107
-0.932193
-0.931259
-0.930304
-0.929327
-0.928329
-0.927307
-0.926262
-0.925192
-0.924097
-0.922976
-0.921828
-0.920652
-0.919447
-0.918212
-0.916947
-0.915649
-0.914318
-0.912953
-0.911552
-0.910114
-0.908638
-0.907121
-0.905564
-0.903964
-0.902319
-0.900628
-0.898888
-0.897099
-0.895257
-0.893361
-0.891408
-0.889397
-0.887324
-0.885187
-0.882984
-0.880711
-0.878365
-0.875943
-0.873442
-0.870858
-0.868187
-0.865425
-0.862569
-0.859612
-0.856552
-0.853382
-0.850097
-0.846692
-0.843161
-0.839497
-0.835694
-0.831744
-0.827641
-0.823375
-0.818938
-0.814322
-0.809517
-0.804512
-0.799297
-0.79386
-0.788189
-0.782272
-0.776094
-0.769641
-0.762898
-0.755849
-0.748476
-0.740762
-0.732687
-0.724231
-0.715374
-0.706093
-0.696365
-0.686167
-0.675473
-0.664258
-0.652495
-0.640157
-0.627218
-0.613648
-0.59942
-0.584507
-0.568882
-0.552519
-0.535392
-0.51748
-0.498763
-0.479222
-0.458846
-0.437623
-0.41555
-0.392628
-0.368864
-0.344272
-0.318874
-0.292698
-0.26578
-0.238167
-0.20991
-0.181069
-0.151713
-0.121917
-0.0917597
-0.0613279
-0.0307107
0
0.0307107
0.0613279
0.0917597
0.121917
0.151713
0.181069
0.20991
0.238167
0.26578
0.292698
0.318874
0.344272
0.368864
0.392628
0.41555
0.437623
0.458846
0.479222
0.498763
0.51748
0.535392
0.552519
0.568882
0.584507
0.59942
0.613648
0.627218
0.640157
0.652495
0.664258
0.675473
0.686167
0.696365
0.706093
0.715374
0.724231
0.732687
0.740762
0.748476
0.755849
0.762898
0.769641
0.776094
0.782272
0.788189
0.79386
0.799297
0.804512
0.809517
0.814322
0.818938
0.823375
0.827641
0.831744
0.835694
0.839497
0.843161
0.846692
0.850097
0.853382
0.856552
0.859612
0.862569
0.865425
0.868187
0.870858
0.873442
0.875943
0.878365
0.880711
0.882984
0.885187
0.887324
0.889397
0.891408
0.893361
0.895257
0.897099
0.898888
0.900628
0.902319
0.903964
0.905564
0.907121
0.908638
0.910114
0.911552
0.912953
0.914318
0.915649
0.916947
0.918212
0.919447
0.920652
0.921828
0.922976
0.924097
0.925192
0.926262
0.927307
0.928329
0.929327
0.930304
0.931259
0.932193
0.933107
0.934002
0.934877
0.935735
0.936574
0.937396
0.938201
0.93899
0.939762
0.94052
0.941262
0.94199
0.942704
0.943404
0.94409
0.944764
0.945425
0.946073
0.94671
0.947335
0.947948
0.94855
0.949142
0.949723
0.950293
0.950854
0.951405
0.951946
0.952479
0.953002
0.953516
0.954022
0.954519
0.955008
0.955489
0.955962
0.956428
0.956886
0.957337
0.95778
0.958217
0.958647
0.95907
0.959487
0.959897
0.960301
0.960699
0.961091
0.961478
0.961858
0.962233
0.962603
0.962967
0.963326
0.96368
0.964029
0.964373
0.964712
0.965046
0.965376
0.965701
0.966022
0.966339
0.966651
0.966959
0.967263
0.967563
0.967859
0.968151
0.968439
0.968724
0.969005
0.969283
0.969556
0.969827
0.970094
0.970358
0.970618
0.970876
0.97113
0.971381
0.971629
0.971874
0.972116
0.972356
0.972592
0.972826
0.973057
0.973285
0.973511
0.973734
0.973954
0.974173
0.974388
0.974601
0.974812
0.975021
0.975227
0.975431
0.975633
0.975832
0.97603
0.976225
0.976418
0.976609
0.976798
0.976986
0.977171
0.977354
0.977536
0.977715
0.977893
0.978069
0.978243
0.978416
0.978586
0.978755
0.978923
0.979088
0.979253
0.979415
0.979576
0.979735
0.979893
0.98005
0.980205
0.980358
0.98051
0.980661
0.98081
0.980958
0.981104
0.981249
0.981393
0.981536
0.981677
0.981817
0.981956
0.982093
0.982229
0.982365
0.982499
0.982631
0.982763
0.982894
0.983023
0.983151
0.983279
0.983405
0.98353
0.983654
0.983777
0.983899
0.98402
0.98414
0.984259
0.984377
0.984495
0.984611
0.984726
0.984841
0.984954
0.985067
0.985179
0.98529
0.9854
0.985509
0.985617
0.985725
0.985832
0.985938
0.986043
0.986147
0.986251
0.986354
0.986456
0.986557
0.986658
0.986758
0.986857
0.986955
0.987053
0.98715
0.987247
0.987343
0.987438
0.987532
0.987626
0.987719
0.987812
0.987904
0.987995
0.988086
0.988176
0.988265
0.988354
0.988442
0.98853
0.988617
0.988704
0.98879
0.988876
0.98896
0.989045
0.989129
0.989212
0.989295
0.989378
0.989459
0.989541
0.989622
0.989702
0.989782
0.989861
0.98994
0.990019
0.990097
0.990175
0.990252
0.990328
0.990405
0.99048
0.990556
0.990631
0.990705
0.99078
0.990853
0.990927
0.991
0.991072
0.991144
0.991216
0.991287
0.991358
0.991429
0.991499
0.991569
0.991639
0.991708
0.991777
0.991845
0.991913
0.991981
0.992049
0.992116
0.992183
0.992249
0.992315
0.992381
0.992447
0.992512
0.992577
0.992641
0.992705
0.992769
0.992833
0.992897
0.99296
0.993023
0.993085
0.993147
0.993209
0.993271
0.993333
0.993394
0.993455
0.993515
0.993576
0.993636
0.993696
0.993756
0.993815
0.993874
0.993933
0.993992
0.994051
0.994109
0.994167
0.994225
0.994282
0.99434
0.994397
0.994454
0.99451
0.994567
0.994623
0.994679
0.994735
0.994791
0.994847
0.994902
0.994957
0.995012
0.995067
0.995121
0.995176
0.99523
0.995284
0.995338
0.995392
0.995445
0.995498
0.995552
0.995605
0.995658
0.99571
0.995763
0.995815
0.995868
0.99592
0.995972
0.996023
0.996075
0.996127
0.996178
0.996229
0.99628
0.996331
0.996382
0.996433
0.996483
0.996534
0.996584
0.996634
0.996685
0.996735
0.996784
0.996834
0.996884
0.996933
0.996983
0.997032
0.997081
0.99713
0.997179
0.997228
0.997277
0.997326
0.997374
0.997423
0.997471
0.99752
0.997568
0.997616
0.997664
0.997712
0.99776
0.997808
0.997856
0.997904
0.997951
0.997999
0.998046
0.998094
0.998141
0.998188
0.998236
0.998283
0.99833
0.998377
0.998424
0.998471
0.998518
0.998565
0.998611
0.998658
0.998705
0.998751
0.998798
0.998845
0.998891
0.998938
0.998984
0.99903
0.999077
0.999123
0.99917
0.999216
0.999262
0.999308
0.999355
0.999401
0.999447
0.999493
0.999539
0.999585
0.999631
0.999678
0.999724
0.99977
0.999816
0.999862
0.999908
0.999954
