-1.22465e-16
-0.00430926
-0.00861853
-0.0129278
-0.017237
-0.0215463
-0.0258555
-0.0301647
-0.0344739
-0.0387831
-0.0430923
-0.0474014
-0.0517105
-0.0560196
-0.0603287
-0.0646377
-0.0689467
-0.0732556
-0.0775645
-0.0818733
-0.0861821
-0.0904908
-0.0947994
-0.099108
-0.103416
-0.107725
-0.112033
-0.116341
-0.120649
-0.124957
-0.129265
-0.133573
-0.137881
-0.142188
-0.146495
-0.150802
-0.155109
-0.159416
-0.163722
-0.168029
-0.172335
-0.17664
-0.180946
-0.185251
-0.189556
-0.19386
-0.198165
-0.202469
-0.206772
-0.211075
-0.215378
-0.21968
-0.223982
-0.228283
-0.232584
-0.236884
-0.241184
-0.245483
-0.249782
-0.254079
-0.258377
-0.262673
-0.266969
-0.271264
-0.275558
-0.279851
-0.284144
-0.288436
-0.292726
-0.297016
-0.301305
-0.305592
-0.309879
-0.314164
-0.318448
-0.322731
-0.327013
-0.331293
-0.335572
-0.33985
-0.344126
-0.3484
-0.352673
-0.356945
-0.361214
-0.365482
-0.369748
-0.374012
-0.378275
-0.382535
-0.386793
-0.391049
-0.395303
-0.399555
-0.403805
-0.408052
-0.412296
-0.416538
-0.420778
-0.425014
-0.429248
-0.433479
-0.437708
-0.441933
-0.446155
-0.450374
-0.45459
-0.458802
-0.463011
-0.467216
-0.471418
-0.475616
-0.47981
-0.484
-0.488187
-0.492369
-0.496547
-0.50072
-0.504889
-0.509054
-0.513214
-0.517369
-0.52152
-0.525665
-0.529805
-0.53394
-0.53807
-0.542194
-0.546313
-0.550426
-0.554533
-0.558634
-0.562729
-0.566818
-0.570901
-0.574977
-0.579046
-0.583109
-0.587164
-0.591213
-0.595254
-0.599288
-0.603315
-0.607334
-0.611345
-0.615348
-0.619343
-0.62333
-0.627308
-0.631278
-0.635239
-0.639191
-0.643134
-0.647067
-0.650992
-0.654906
-0.658811
-0.662706
-0.666591
-0.670465
-0.674329
-0.678183
-0.682025
-0.685857
-0.689677
-0.693485
-0.697282
-0.701068
-0.704841
-0.708602
-0.71235
-0.716086
-0.71981
-0.72352
-0.727216
-0.7309
-0.73457
-0.738225
-0.741867
-0.745494
-0.749107
-0.752705
-0.756289
-0.759857
-0.763409
-0.766946
-0.770467
-0.773972
-0.77746
-0.780932
-0.784387
-0.787825
-0.791246
-0.794649
-0.798034
-0.801402
-0.804751
-0.808081
-0.811393
-0.814685
-0.817959
-0.821213
-0.824447
-0.827661
-0.830854
-0.834028
-0.83718
-0.840311
-0.843421
-0.846509
-0.849575
-0.852619
-0.855641
-0.85864
-0.861616
-0.864569
-0.867498
-0.870403
-0.873285
-0.876142
-0.878974
-0.881781
-0.884563
-0.88732
-0.890051
-0.892756
-0.895434
-0.898086
-0.900711
-0.903309
-0.905879
-0.908421
-0.910936
-0.913422
-0.915879
-0.918307
-0.920707
-0.923076
-0.925416
-0.927725
-0.930005
-0.932253
-0.93447
-0.936656
-0.938811
-0.940933
-0.943024
-0.945081
-0.947106
-0.949098
-0.951057
-0.952981
-0.954872
-0.956728
-0.95855
-0.960337
-0.962089
-0.963805
-0.965485
-0.967129
-0.968737
-0.970308
-0.971842
-0.973339
-0.974799
-0.97622
-0.977603
-0.978948
-0.980254
-0.981521
-0.982748
-0.983936
-0.985084
-0.986192
-0.987259
-0.988286
-0.989271
-0.990216
-0.991118
-0.991978
-0.992797
-0.993573
-0.994306
-0.994996
-0.995642
-0.996245
-0.996805
-0.99732
-0.997791
-0.998217
-0.998598
-0.998934
-0.999224
-0.999469
-0.999668
-0.999821
-0.999927
-0.999986
-0.999999
-0.999964
-0.999882
-0.999752
-0.999574
-0.999348
-0.999074
-0.998751
-0.998379
-0.997958
-0.997488
-0.996968
-0.996399
-0.995779
-0.99511
-0.99439
-0.99362
-0.992798
-0.991926
-0.991003
-0.990028
-0.989002
-0.987924
-0.986795
-0.985613
-0.984379
-0.983093
-0.981754
-0.980362
-0.978918
-0.97742
-0.97587
-0.974266
-0.972609
-0.970898
-0.969133
-0.967315
-0.965442
-0.963516
-0.961535
-0.959501
-0.957411
-0.955268
-0.953069
-0.950816
-0.948509
-0.946146
-0.943729
-0.941256
-0.938729
-0.936146
-0.933508
-0.930816
-0.928067
-0.925264
-0.922405
-0.919491
-0.916522
-0.913497
-0.910417
-0.907281
-0.90409
-0.900844
-0.897542
-0.894185
-0.890773
-0.887305
-0.883782
-0.880204
-0.87657
-0.872882
-0.869138
-0.865339
-0.861485
-0.857577
-0.853613
-0.849595
-0.845522
-0.841395
-0.837213
-0.832977
-0.828687
-0.824342
-0.819944
-0.815492
-0.810986
-0.806426
-0.801813
-0.797147
-0.792428
-0.787656
-0.782831
-0.777954
-0.773024
-0.768043
-0.763009
-0.757923
-0.752786
-0.747598
-0.742359
-0.737068
-0.731728
-0.726336
-0.720895
-0.715404
-0.709863
-0.704273
-0.698634
-0.692946
-0.68721
-0.681425
-0.675593
-0.669713
-0.663785
-0.657811
-0.65179
-0.645723
-0.63961
-0.633451
-0.627247
-0.620999
-0.614705
-0.608368
-0.601986
-0.595562
-0.589094
-0.582583
-0.57603
-0.569436
-0.5628
-0.556123
-0.549405
-0.542647
-0.53585
-0.529013
-0.522137
-0.515222
-0.50827
-0.50128
-0.494253
-0.48719
-0.48009
-0.472954
-0.465784
-0.458578
-0.451339
-0.444066
-0.436759
-0.42942
-0.422048
-0.414645
-0.407211
-0.399746
-0.392251
-0.384726
-0.377173
-0.36959
-0.36198
-0.354342
-0.346678
-0.338987
-0.33127
-0.323528
-0.315761
-0.307971
-0.300157
-0.29232
-0.28446
-0.276579
-0.268677
-0.260754
-0.252811
-0.244848
-0.236867
-0.228868
-0.220851
-0.212817
-0.204766
-0.1967
-0.188619
-0.180523
-0.172413
-0.16429
-0.156154
-0.148006
-0.139847
-0.131677
-0.123497
-0.115307
-0.107108
-0.0989009
-0.0906861
-0.0824643
-0.0742361
-0.0660022
-0.0577631
-0.0495196
-0.0412722
-0.0330216
-0.0247684
-0.0165134
-0.008257
0
0.008257
0.0165134
0.0247684
0.0330216
0.0412722
0.0495196
0.0577631
0.0660022
0.0742361
0.0824643
0.0906861
0.0989009
0.107108
0.115307
0.123497
0.131677
0.139847
0.148006
0.156154
0.16429
0.172413
0.180523
0.188619
0.1967
0.204766
0.212817
0.220851
0.228868
0.236867
0.244848
0.252811
0.260754
0.268677
0.276579
0.28446
0.29232
0.300157
0.307971
0.315761
0.323528
0.33127
0.338987
0.346678
0.354342
0.36198
0.36959
0.377173
0.384726
0.392251
0.399746
0.407211
0.414645
0.422048
0.42942
0.436759
0.444066
0.451339
0.458578
0.465784
0.472954
0.48009
0.48719
0.494253
0.50128
0.50827
0.515222
0.522137
0.529013
0.53585
0.542647
0.549405
0.556123
0.5628
0.569436
0.57603
0.582583
0.589094
0.595562
0.601986
0.608368
0.614705
0.620999
0.627247
0.633451
0.63961
0.645723
0.65179
0.657811
0.663785
0.669713
0.675593
0.681425
0.68721
0.692946
0.698634
0.704273
0.709863
0.715404
0.720895
0.726336
0.731728
0.737068
0.742359
0.747598
0.752786
0.757923
0.763009
0.768043
0.773024
0.777954
0.782831
0.787656
0.792428
0.797147
0.801813
0.806426
0.810986
0.815492
0.819944
0.824342
0.828687
0.832977
0.837213
0.841395
0.845522
0.849595
0.853613
0.857577
0.861485
0.865339
0.869138
0.872882
0.87657
0.880204
0.883782
0.887305
0.890773
0.894185
0.897542
0.900844
0.90409
0.907281
0.910417
0.913497
0.916522
0.919491
0.922405
0.925264
0.928067
0.930816
0.933508
0.936146
0.938729
0.941256
0.943729
0.946146
0.948509
0.950816
0.953069
0.955268
0.957411
0.959501
0.961535
0.963516
0.965442
0.967315
0.969133
0.970898
0.972609
0.974266
0.97587
0.97742
0.978918
0.980362
0.981754
0.983093
0.984379
0.985613
0.986795
0.987924
0.989002
0.990028
0.991003
0.991926
0.992798
0.99362
0.99439
0.99511
0.995779
0.996399
0.996968
0.997488
0.997958
0.998379
0.998751
0.999074
0.999348
0.999574
0.999752
0.999882
0.999964
0.999999
0.999986
0.999927
0.999821
0.999668
0.999469
0.999224
0.998934
0.998598
0.998217
0.997791
0.99732
0.996805
0.996245
0.995642
0.994996
0.994306
0.993573
0.992797
0.991978
0.991118
0.990216
0.989271
0.988286
0.987259
0.986192
0.985084
0.983936
0.982748
0.981521
0.980254
0.978948
0.977603
0.97622
0.974799
0.973339
0.971842
0.970308
0.968737
0.967129
0.965485
0.963805
0.962089
0.960337
0.95855
0.956728
0.954872
0.952981
0.951057
0.949098
0.947106
0.945081
0.943024
0.940933
0.938811
0.936656
0.93447
0.932253
0.930005
0.927725
0.925416
0.923076
0.920707
0.918307
0.915879
0.913422
0.910936
0.908421
0.905879
0.903309
0.900711
0.898086
0.895434
0.892756
0.890051
0.88732
0.884563
0.881781
0.878974
0.876142
0.873285
0.870403
0.867498
0.864569
0.861616
0.85864
0.855641
0.852619
0.849575
0.846509
0.843421
0.840311
0.83718
0.834028
0.830854
0.827661
0.824447
0.821213
0.817959
0.814685
0.811393
0.808081
0.804751
0.801402
0.798034
0.794649
0.791246
0.787825
0.784387
0.780932
0.77746
0.773972
0.770467
0.766946
0.763409
0.759857
0.756289
0.752705
0.749107
0.745494
0.741867
0.738225
0.73457
0.7309
0.727216
0.72352
0.71981
0.716086
0.71235
0.708602
0.704841
0.701068
0.697282
0.693485
0.689677
0.685857
0.682025
0.678183
0.674329
0.670465
0.666591
0.662706
0.658811
0.654906
0.650992
0.647067
0.643134
0.639191
0.635239
0.631278
0.627308
0.62333
0.619343
0.615348
0.611345
0.607334
0.603315
0.599288
0.595254
0.591213
0.587164
0.583109
0.579046
0.574977
0.570901
0.566818
0.562729
0.558634
0.554533
0.550426
0.546313
0.542194
0.53807
0.53394
0.529805
0.525665
0.52152
0.517369
0.513214
0.509054
0.504889
0.50072
0.496547
0.492369
0.488187
0.484
0.47981
0.475616
0.471418
0.467216
0.463011
0.458802
0.45459
0.450374
0.446155
0.441933
0.437708
0.433479
0.429248
0.425014
0.420778
0.416538
0.412296
0.408052
0.403805
0.399555
0.395303
0.391049
0.386793
0.382535
0.378275
0.374012
0.369748
0.365482
0.361214
0.356945
0.352673
0.3484
0.344126
0.33985
0.335572
0.331293
0.327013
0.322731
0.318448
0.314164
0.309879
0.305592
0.301305
0.297016
0.292726
0.288436
0.284144
0.279851
0.275558
0.271264
0.266969
0.262673
0.258377
0.254079
0.249782
0.245483
0.241184
0.236884
0.232584
0.228283
0.223982
0.21968
0.215378
0.211075
0.206772
0.202469
0.198165
0.19386
0.189556
0.185251
0.180946
0.17664
0.172335
0.168029
0.163722
0.159416
0.155109
0.150802
0.146495
0.142188
0.137881
0.133573
0.129265
0.124957
0.120649
0.116341
0.112033
0.107725
0.103416
0.099108
0.0947994
0.0904908
0.0861821
0.0818733
0.0775645
0.0732556
0.0689467
0.0646377
0.0603287
0.0560196
0.0517105
0.0474014
0.0430923
0.0387831
0.0344739
0.0301647
0.0258555
0.0215463
0.017237
0.0129278
0.00861853
0.00430926
