-1.22465e-16
-0.000953451
-0.00190693
-0.00286048
-0.00381412
-0.00476788
-0.00572179
-0.00667589
-0.00763021
-0.00858478
-0.00953962
-0.0104948
-0.0114503
-0.0124061
-0.0133624
-0.0143191
-0.0152763
-0.0162339
-0.0171921
-0.0181509
-0.0191102
-0.0200702
-0.0210308
-0.0219921
-0.0229541
-0.0239169
-0.0248804
-0.0258448
-0.02681
-0.0277761
-0.028743
-0.029711
-0.0306798
-0.0316497
-0.0326207
-0.0335926
-0.0345657
-0.0355399
-0.0365153
-0.0374919
-0.0384697
-0.0394488
-0.0404291
-0.0414108
-0.0423938
-0.0433783
-0.0443641
-0.0453515
-0.0463403
-0.0473306
-0.0483225
-0.049316
-0.0503111
-0.0513079
-0.0523063
-0.0533065
-0.0543085
-0.0553123
-0.0563178
-0.0573253
-0.0583347
-0.0593459
-0.0603592
-0.0613745
-0.0623918
-0.0634112
-0.0644327
-0.0654563
-0.0664821
-0.0675102
-0.0685405
-0.0695731
-0.070608
-0.0716453
-0.072685
-0.0737272
-0.0747718
-0.0758189
-0.0768686
-0.0779209
-0.0789758
-0.0800334
-0.0810937
-0.0821567
-0.0832226
-0.0842912
-0.0853627
-0.0864371
-0.0875145
-0.0885948
-0.0896782
-0.0907646
-0.0918541
-0.0929468
-0.0940426
-0.0951417
-0.0962441
-0.0973497
-0.0984587
-0.0995712
-0.100687
-0.101806
-0.102929
-0.104056
-0.105186
-0.106319
-0.107457
-0.108598
-0.109743
-0.110892
-0.112044
-0.113201
-0.114361
-0.115526
-0.116695
-0.117868
-0.119044
-0.120226
-0.121411
-0.122601
-0.123795
-0.124993
-0.126196
-0.127404
-0.128616
-0.129832
-0.131054
-0.13228
-0.133511
-0.134746
-0.135987
-0.137232
-0.138482
-0.139738
-0.140998
-0.142264
-0.143535
-0.144811
-0.146092
-0.147379
-0.148671
-0.149969
-0.151272
-0.152581
-0.153895
-0.155216
-0.156542
-0.157874
-0.159211
-0.160555
-0.161905
-0.163261
-0.164623
-0.165991
-0.167365
-0.168746
-0.170133
-0.171527
-0.172927
-0.174334
-0.175748
-0.177168
-0.178595
-0.180029
-0.18147
-0.182918
-0.184374
-0.185836
-0.187306
-0.188782
-0.190267
-0.191759
-0.193258
-0.194765
-0.19628
-0.197802
-0.199333
-0.200871
-0.202417
-0.203972
-0.205534
-0.207105
-0.208685
-0.210272
-0.211868
-0.213473
-0.215087
-0.216709
-0.21834
-0.219981
-0.22163
-0.223288
-0.224956
-0.226633
-0.228319
-0.230015
-0.231721
-0.233436
-0.235161
-0.236896
-0.238641
-0.240396
-0.242161
-0.243937
-0.245723
-0.247519
-0.249327
-0.251144
-0.252973
-0.254813
-0.256664
-0.258525
-0.260399
-0.262283
-0.264179
-0.266087
-0.268006
-0.269938
-0.271881
-0.273836
-0.275804
-0.277784
-0.279776
-0.281781
-0.283799
-0.285829
-0.287872
-0.289929
-0.291998
-0.294082
-0.296178
-0.298288
-0.300412
-0.30255
-0.304701
-0.306867
-0.309048
-0.311242
-0.313451
-0.315675
-0.317914
-0.320168
-0.322437
-0.324721
-0.327021
-0.329336
-0.331667
-0.334014
-0.336377
-0.338756
-0.341152
-0.343564
-0.345993
-0.348439
-0.350901
-0.353381
-0.355878
-0.358393
-0.360925
-0.363476
-0.366044
-0.36863
-0.371235
-0.373858
-0.3765
-0.379161
-0.38184
-0.384539
-0.387258
-0.389996
-0.392753
-0.395531
-0.398329
-0.401146
-0.403985
-0.406844
-0.409724
-0.412625
-0.415547
-0.41849
-0.421455
-0.424442
-0.42745
-0.430481
-0.433534
-0.436609
-0.439707
-0.442828
-0.445972
-0.449139
-0.45233
-0.455544
-0.458782
-0.462043
-0.465329
-0.468639
-0.471974
-0.475333
-0.478717
-0.482126
-0.48556
-0.48902
-0.492504
-0.496015
-0.499551
-0.503114
-0.506702
-0.510317
-0.513958
-0.517625
-0.52132
-0.525041
-0.528789
-0.532564
-0.536366
-0.540196
-0.544053
-0.547937
-0.551849
-0.555789
-0.559756
-0.563752
-0.567775
-0.571826
-0.575905
-0.580012
-0.584147
-0.588311
-0.592502
-0.596721
-0.600969
-0.605244
-0.609547
-0.613878
-0.618237
-0.622623
-0.627037
-0.631479
-0.635947
-0.640443
-0.644966
-0.649515
-0.654091
-0.658693
-0.663321
-0.667974
-0.672653
-0.677356
-0.682084
-0.686836
-0.691612
-0.696411
-0.701232
-0.706076
-0.71094
-0.715826
-0.720732
-0.725658
-0.730602
-0.735564
-0.740543
-0.745538
-0.750548
-0.755573
-0.760611
-0.765661
-0.770722
-0.775793
-0.780872
-0.785959
-0.791051
-0.796147
-0.801246
-0.806347
-0.811446
-0.816544
-0.821637
-0.826724
-0.831803
-0.836872
-0.841929
-0.846971
-0.851996
-0.857002
-0.861985
-0.866944
-0.871876
-0.876777
-0.881646
-0.886478
-0.89127
-0.89602
-0.900723
-0.905377
-0.909977
-0.91452
-0.919002
-0.923418
-0.927766
-0.932039
-0.936234
-0.940347
-0.944372
-0.948304
-0.95214
-0.955872
-0.959497
-0.963009
-0.966402
-0.969671
-0.972809
-0.975811
-0.97867
-0.981381
-0.983936
-0.98633
-0.988555
-0.990606
-0.992474
-0.994153
-0.995636
-0.996916
-0.997984
-0.998834
-0.999459
-0.999849
-0.999999
-0.999899
-0.999542
-0.998921
-0.998026
-0.996851
-0.995387
-0.993626
-0.99156
-0.989182
-0.986483
-0.983455
-0.980091
-0.976383
-0.972323
-0.967903
-0.963117
-0.957957
-0.952416
-0.946487
-0.940163
-0.933439
-0.926307
-0.918763
-0.9108
-0.902413
-0.893597
-0.884348
-0.874662
-0.864534
-0.853962
-0.842943
-0.831473
-0.819552
-0.807177
-0.794348
-0.781065
-0.767328
-0.753137
-0.738495
-0.723402
-0.707863
-0.691879
-0.675455
-0.658597
-0.641308
-0.623595
-0.605464
-0.586924
-0.567981
-0.548645
-0.528925
-0.508831
-0.488374
-0.467565
-0.446415
-0.424939
-0.403148
-0.381058
-0.358681
-0.336034
-0.313131
-0.289989
-0.266624
-0.243054
-0.219295
-0.195364
-0.171282
-0.147064
-0.122732
-0.0983019
-0.0737946
-0.0492289
-0.0246242
0
0.0246242
0.0492289
0.0737946
0.0983019
0.122732
0.147064
0.171282
0.195364
0.219295
0.243054
0.266624
0.289989
0.313131
0.336034
0.358681
0.381058
0.403148
0.424939
0.446415
0.467565
0.488374
0.508831
0.528925
0.548645
0.567981
0.586924
0.605464
0.623595
0.641308
0.658597
0.675455
0.691879
0.707863
0.723402
0.738495
0.753137
0.767328
0.781065
0.794348
0.807177
0.819552
0.831473
0.842943
0.853962
0.864534
0.874662
0.884348
0.893597
0.902413
0.9108
0.918763
0.926307
0.933439
0.940163
0.946487
0.952416
0.957957
0.963117
0.967903
0.972323
0.976383
0.980091
0.983455
0.986483
0.989182
0.99156
0.993626
0.995387
0.996851
0.998026
0.998921
0.999542
0.999899
0.999999
0.999849
0.999459
0.998834
0.997984
0.996916
0.995636
0.994153
0.992474
0.990606
0.988555
0.98633
0.983936
0.981381
0.97867
0.975811
0.972809
0.969671
0.966402
0.963009
0.959497
0.955872
0.95214
0.948304
0.944372
0.940347
0.936234
0.932039
0.927766
0.923418
0.919002
0.91452
0.909977
0.905377
0.900723
0.89602
0.89127
0.886478
0.881646
0.876777
0.871876
0.866944
0.861985
0.857002
0.851996
0.846971
0.841929
0.836872
0.831803
0.826724
0.821637
0.816544
0.811446
0.806347
0.801246
0.796147
0.791051
0.785959
0.780872
0.775793
0.770722
0.765661
0.760611
0.755573
0.750548
0.745538
0.740543
0.735564
0.730602
0.725658
0.720732
0.715826
0.71094
0.706076
0.701232
0.696411
0.691612
0.686836
0.682084
0.677356
0.672653
0.667974
0.663321
0.658693
0.654091
0.649515
0.644966
0.640443
0.635947
0.631479
0.627037
0.622623
0.618237
0.613878
0.609547
0.605244
0.600969
0.596721
0.592502
0.588311
0.584147
0.580012
0.575905
0.571826
0.567775
0.563752
0.559756
0.555789
0.551849
0.547937
0.544053
0.540196
0.536366
0.532564
0.528789
0.525041
0.52132
0.517625
0.513958
0.510317
0.506702
0.503114
0.499551
0.496015
0.492504
0.48902
0.48556
0.482126
0.478717
0.475333
0.471974
0.468639
0.465329
0.462043
0.458782
0.455544
0.45233
0.449139
0.445972
0.442828
0.439707
0.436609
0.433534
0.430481
0.42745
0.424442
0.421455
0.41849
0.415547
0.412625
0.409724
0.406844
0.403985
0.401146
0.398329
0.395531
0.392753
0.389996
0.387258
0.384539
0.38184
0.379161
0.3765
0.373858
0.371235
0.36863
0.366044
0.363476
0.360925
0.358393
0.355878
0.353381
0.350901
0.348439
0.345993
0.343564
0.341152
0.338756
0.336377
0.334014
0.331667
0.329336
0.327021
0.324721
0.322437
0.320168
0.317914
0.315675
0.313451
0.311242
0.309048
0.306867
0.304701
0.30255
0.300412
0.298288
0.296178
0.294082
0.291998
0.289929
0.287872
0.285829
0.283799
0.281781
0.279776
0.277784
0.275804
0.273836
0.271881
0.269938
0.268006
0.266087
0.264179
0.262283
0.260399
0.258525
0.256664
0.254813
0.252973
0.251144
0.249327
0.247519
0.245723
0.243937
0.242161
0.240396
0.238641
0.236896
0.235161
0.233436
0.231721
0.230015
0.228319
0.226633
0.224956
0.223288
0.22163
0.219981
0.21834
0.216709
0.215087
0.213473
0.211868
0.210272
0.208685
0.207105
0.205534
0.203972
0.202417
0.200871
0.199333
0.197802
0.19628
0.194765
0.193258
0.191759
0.190267
0.188782
0.187306
0.185836
0.184374
0.182918
0.18147
0.180029
0.178595
0.177168
0.175748
0.174334
0.172927
0.171527
0.170133
0.168746
0.167365
0.165991
0.164623
0.163261
0.161905
0.160555
0.159211
0.157874
0.156542
0.155216
0.153895
0.152581
0.151272
0.149969
0.148671
0.147379
0.146092
0.144811
0.143535
0.142264
0.140998
0.139738
0.138482
0.137232
0.135987
0.134746
0.133511
0.13228
0.131054
0.129832
0.128616
0.127404
0.126196
0.124993
0.123795
0.122601
0.121411
0.120226
0.119044
0.117868
0.116695
0.115526
0.114361
0.113201
0.112044
0.110892
0.109743
0.108598
0.107457
0.106319
0.105186
0.104056
0.102929
0.101806
0.100687
0.0995712
0.0984587
0.0973497
0.0962441
0.0951417
0.0940426
0.0929468
0.0918541
0.0907646
0.0896782
0.0885948
0.0875145
0.0864371
0.0853627
0.0842912
0.0832226
0.0821567
0.0810937
0.0800334
0.0789758
0.0779209
0.0768686
0.0758189
0.0747718
0.0737272
0.072685
0.0716453
0.070608
0.0695731
0.0685405
0.0675102
0.0664821
0.0654563
0.0644327
0.0634112
0.0623918
0.0613745
0.0603592
0.0593459
0.0583347
0.0573253
0.0563178
0.0553123
0.0543085
0.0533065
0.0523063
0.0513079
0.0503111
0.049316
0.0483225
0.0473306
0.0463403
0.0453515
0.0443641
0.0433783
0.0423938
0.0414108
0.0404291
0.0394488
0.0384697
0.0374919
0.0365153
0.0355399
0.0345657
0.0335926
0.0326207
0.0316497
0.0306798
0.029711
0.028743
0.0277761
0.02681
0.0258448
0.0248804
0.0239169
0.0229541
0.0219921
0.0210308
0.0200702
0.0191102
0.0181509
0.0171921
0.0162339
0.0152763
0.0143191
0.0133624
0.0124061
0.0114503
0.0104948
0.00953962
0.00858478
0.00763021
0.00667589
0.00572179
0.00476788
0.00381412
0.00286048
0.00190693
0.000953451
