-1
-0.999557
-0.999115
-0.998672
-0.99823
-0.997787
-0.997344
-0.996902
-0.996459
-0.996016
-0.995573
-0.995129
-0.994686
-0.994242
-0.993798
-0.993354
-0.99291
-0.992466
-0.992021
-0.991576
-0.991131
-0.990685
-0.990239
-0.989793
-0.989347
-0.9889
-0.988453
-0.988005
-0.987557
-0.987109
-0.98666
-0.986211
-0.985761
-0.985311
-0.98486
-0.984409
-0.983957
-0.983505
-0.983053
-0.982599
-0.982145
-0.981691
-0.981236
-0.98078
-0.980324
-0.979867
-0.97941
-0.978951
-0.978493
-0.978033
-0.977572
-0.977111
-0.97665
-0.976187
-0.975723
-0.975259
-0.974794
-0.974328
-0.973862
-0.973394
-0.972926
-0.972456
-0.971986
-0.971515
-0.971042
-0.970569
-0.970095
-0.96962
-0.969144
-0.968667
-0.968189
-0.967709
-0.967229
-0.966747
-0.966265
-0.965781
-0.965296
-0.96481
-0.964323
-0.963835
-0.963345
-0.962854
-0.962362
-0.961868
-0.961374
-0.960878
-0.96038
-0.959882
-0.959382
-0.95888
-0.958377
-0.957873
-0.957367
-0.95686
-0.956351
-0.955841
-0.955329
-0.954816
-0.954301
-0.953785
-0.953267
-0.952747
-0.952226
-0.951703
-0.951179
-0.950652
-0.950124
-0.949595
-0.949063
-0.94853
-0.947995
-0.947458
-0.946919
-0.946378
-0.945836
-0.945291
-0.944745
-0.944197
-0.943646
-0.943094
-0.94254
-0.941983
-0.941425
-0.940864
-0.940302
-0.939737
-0.93917
-0.9386
-0.938029
-0.937455
-0.936879
-0.936301
-0.935721
-0.935138
-0.934552
-0.933965
-0.933375
-0.932782
-0.932187
-0.93159
-0.93099
-0.930387
-0.929782
-0.929174
-0.928564
-0.927951
-0.927335
-0.926716
-0.926095
-0.925471
-0.924844
-0.924214
-0.923582
-0.922946
-0.922308
-0.921667
-0.921022
-0.920375
-0.919725
-0.919071
-0.918415
-0.917755
-0.917092
-0.916426
-0.915756
-0.915084
-0.914408
-0.913728
-0.913045
-0.912359
-0.91167
-0.910977
-0.91028
-0.90958
-0.908876
-0.908168
-0.907457
-0.906742
-0.906024
-0.905301
-0.904575
-0.903845
-0.903111
-0.902373
-0.901631
-0.900885
-0.900135
-0.899381
-0.898623
-0.89786
-0.897094
-0.896322
-0.895547
-0.894767
-0.893983
-0.893195
-0.892401
-0.891604
-0.890801
-0.889995
-0.889183
-0.888367
-0.887545
-0.886719
-0.885888
-0.885053
-0.884212
-0.883366
-0.882515
-0.881659
-0.880797
-0.879931
-0.879059
-0.878182
-0.877299
-0.876411
-0.875517
-0.874618
-0.873713
-0.872802
-0.871886
-0.870963
-0.870035
-0.869101
-0.868161
-0.867215
-0.866262
-0.865304
-0.864339
-0.863368
-0.862391
-0.861407
-0.860416
-0.859419
-0.858415
-0.857405
-0.856388
-0.855364
-0.854333
-0.853295
-0.852249
-0.851197
-0.850137
-0.849071
-0.847996
-0.846914
-0.845825
-0.844728
-0.843624
-0.842511
-0.841391
-0.840263
-0.839126
-0.837982
-0.836829
-0.835669
-0.834499
-0.833322
-0.832135
-0.83094
-0.829737
-0.828524
-0.827303
-0.826072
-0.824833
-0.823584
-0.822326
-0.821059
-0.819782
-0.818495
-0.817199
-0.815893
-0.814577
-0.813251
-0.811915
-0.810569
-0.809212
-0.807845
-0.806468
-0.805079
-0.80368
-0.80227
-0.80085
-0.799418
-0.797974
-0.79652
-0.795054
-0.793576
-0.792087
-0.790585
-0.789072
-0.787547
-0.78601
-0.78446
-0.782898
-0.781323
-0.779735
-0.778135
-0.776521
-0.774895
-0.773255
-0.771602
-0.769935
-0.768255
-0.76656
-0.764852
-0.76313
-0.761393
-0.759642
-0.757877
-0.756096
-0.754301
-0.752491
-0.750666
-0.748826
-0.74697
-0.745098
-0.743211
-0.741307
-0.739388
-0.737452
-0.7355
-0.733532
-0.731546
-0.729544
-0.727525
-0.725488
-0.723434
-0.721362
-0.719273
-0.717166
-0.715041
-0.712897
-0.710735
-0.708554
-0.706355
-0.704136
-0.701899
-0.699642
-0.697365
-0.695069
-0.692753
-0.690417
-0.688061
-0.685684
-0.683287
-0.680869
-0.67843
-0.675969
-0.673488
-0.670985
-0.66846
-0.665913
-0.663344
-0.660753
-0.65814
-0.655503
-0.652844
-0.650162
-0.647457
-0.644728
-0.641976
-0.6392
-0.6364
-0.633576
-0.630727
-0.627855
-0.624957
-0.622034
-0.619087
-0.616114
-0.613116
-0.610092
-0.607043
-0.603968
-0.600866
-0.597738
-0.594584
-0.591403
-0.588196
-0.584961
-0.5817
-0.578411
-0.575095
-0.571751
-0.568379
-0.56498
-0.561553
-0.558097
-0.554613
-0.551101
-0.54756
-0.543991
-0.540392
-0.536765
-0.533109
-0.529424
-0.525709
-0.521965
-0.518191
-0.514388
-0.510556
-0.506693
-0.502801
-0.498879
-0.494927
-0.490944
-0.486932
-0.48289
-0.478817
-0.474714
-0.470581
-0.466418
-0.462224
-0.458
-0.453746
-0.449461
-0.445147
-0.440801
-0.436426
-0.43202
-0.427584
-0.423117
-0.418621
-0.414095
-0.409538
-0.404952
-0.400335
-0.395689
-0.391014
-0.386308
-0.381574
-0.37681
-0.372017
-0.367194
-0.362343
-0.357464
-0.352555
-0.347619
-0.342654
-0.337661
-0.332641
-0.327593
-0.322517
-0.317415
-0.312286
-0.30713
-0.301948
-0.29674
-0.291506
-0.286247
-0.280962
-0.275653
-0.270319
-0.264962
-0.25958
-0.254175
-0.248747
-0.243296
-0.237823
-0.232328
-0.226811
-0.221273
-0.215715
-0.210136
-0.204537
-0.198919
-0.193282
-0.187627
-0.181953
-0.176262
-0.170554
-0.164829
-0.159088
-0.153332
-0.14756
-0.141774
-0.135974
-0.130161
-0.124335
-0.118496
-0.112645
-0.106783
-0.100911
-0.0950277
-0.0891353
-0.0832339
-0.0773241
-0.0714064
-0.0654815
-0.0595499
-0.0536123
-0.0476692
-0.0417212
-0.035769
-0.0298131
-0.0238541
-0.0178927
-0.0119295
-0.00596506
0
0.00596506
0.0119295
0.0178927
0.0238541
0.0298131
0.035769
0.0417212
0.0476692
0.0536123
0.0595499
0.0654815
0.0714064
0.0773241
0.0832339
0.0891353
0.0950277
0.100911
0.106783
0.112645
0.118496
0.124335
0.130161
0.135974
0.141774
0.14756
0.153332
0.159088
0.164829
0.170554
0.176262
0.181953
0.187627
0.193282
0.198919
0.204537
0.210136
0.215715
0.221273
0.226811
0.232328
0.237823
0.243296
0.248747
0.254175
0.25958
0.264962
0.270319
0.275653
0.280962
0.286247
0.291506
0.29674
0.301948
0.30713
0.312286
0.317415
0.322517
0.327593
0.332641
0.337661
0.342654
0.347619
0.352555
0.357464
0.362343
0.367194
0.372017
0.37681
0.381574
0.386308
0.391014
0.395689
0.400335
0.404952
0.409538
0.414095
0.418621
0.423117
0.427584
0.43202
0.436426
0.440801
0.445147
0.449461
0.453746
0.458
0.462224
0.466418
0.470581
0.474714
0.478817
0.48289
0.486932
0.490944
0.494927
0.498879
0.502801
0.506693
0.510556
0.514388
0.518191
0.521965
0.525709
0.529424
0.533109
0.536765
0.540392
0.543991
0.54756
0.551101
0.554613
0.558097
0.561553
0.56498
0.568379
0.571751
0.575095
0.578411
0.5817
0.584961
0.588196
0.591403
0.594584
0.597738
0.600866
0.603968
0.607043
0.610092
0.613116
0.616114
0.619087
0.622034
0.624957
0.627855
0.630727
0.633576
0.6364
0.6392
0.641976
0.644728
0.647457
0.650162
0.652844
0.655503
0.65814
0.660753
0.663344
0.665913
0.66846
0.670985
0.673488
0.675969
0.67843
0.680869
0.683287
0.685684
0.688061
0.690417
0.692753
0.695069
0.697365
0.699642
0.701899
0.704136
0.706355
0.708554
0.710735
0.712897
0.715041
0.717166
0.719273
0.721362
0.723434
0.725488
0.727525
0.729544
0.731546
0.733532
0.7355
0.737452
0.739388
0.741307
0.743211
0.745098
0.74697
0.748826
0.750666
0.752491
0.754301
0.756096
0.757877
0.759642
0.761393
0.76313
0.764852
0.76656
0.768255
0.769935
0.771602
0.773255
0.774895
0.776521
0.778135
0.779735
0.781323
0.782898
0.78446
0.78601
0.787547
0.789072
0.790585
0.792087
0.793576
0.795054
0.79652
0.797974
0.799418
0.80085
0.80227
0.80368
0.805079
0.806468
0.807845
0.809212
0.810569
0.811915
0.813251
0.814577
0.815893
0.817199
0.818495
0.819782
0.821059
0.822326
0.823584
0.824833
0.826072
0.827303
0.828524
0.829737
0.83094
0.832135
0.833322
0.834499
0.835669
0.836829
0.837982
0.839126
0.840263
0.841391
0.842511
0.843624
0.844728
0.845825
0.846914
0.847996
0.849071
0.850137
0.851197
0.852249
0.853295
0.854333
0.855364
0.856388
0.857405
0.858415
0.859419
0.860416
0.861407
0.862391
0.863368
0.864339
0.865304
0.866262
0.867215
0.868161
0.869101
0.870035
0.870963
0.871886
0.872802
0.873713
0.874618
0.875517
0.876411
0.877299
0.878182
0.879059
0.879931
0.880797
0.881659
0.882515
0.883366
0.884212
0.885053
0.885888
0.886719
0.887545
0.888367
0.889183
0.889995
0.890801
0.891604
0.892401
0.893195
0.893983
0.894767
0.895547
0.896322
0.897094
0.89786
0.898623
0.899381
0.900135
0.900885
0.901631
0.902373
0.903111
0.903845
0.904575
0.905301
0.906024
0.906742
0.907457
0.908168
0.908876
0.90958
0.91028
0.910977
0.91167
0.912359
0.913045
0.913728
0.914408
0.915084
0.915756
0.916426
0.917092
0.917755
0.918415
0.919071
0.919725
0.920375
0.921022
0.921667
0.922308
0.922946
0.923582
0.924214
0.924844
0.925471
0.926095
0.926716
0.927335
0.927951
0.928564
0.929174
0.929782
0.930387
0.93099
0.93159
0.932187
0.932782
0.933375
0.933965
0.934552
0.935138
0.935721
0.936301
0.936879
0.937455
0.938029
0.9386
0.93917
0.939737
0.940302
0.940864
0.941425
0.941983
0.94254
0.943094
0.943646
0.944197
0.944745
0.945291
0.945836
0.946378
0.946919
0.947458
0.947995
0.94853
0.949063
0.949595
0.950124
0.950652
0.951179
0.951703
0.952226
0.952747
0.953267
0.953785
0.954301
0.954816
0.955329
0.955841
0.956351
0.95686
0.957367
0.957873
0.958377
0.95888
0.959382
0.959882
0.96038
0.960878
0.961374
0.961868
0.962362
0.962854
0.963345
0.963835
0.964323
0.96481
0.965296
0.965781
0.966265
0.966747
0.967229
0.967709
0.968189
0.968667
0.969144
0.96962
0.970095
0.970569
0.971042
0.971515
0.971986
0.972456
0.972926
0.973394
0.973862
0.974328
0.974794
0.975259
0.975723
0.976187
0.97665
0.977111
0.977572
0.978033
0.978493
0.978951
0.97941
0.979867
0.980324
0.98078
0.981236
0.981691
0.982145
0.982599
0.983053
0.983505
0.983957
0.984409
0.98486
0.985311
0.985761
0.986211
0.98666
0.987109
0.987557
0.988005
0.988453
0.9889
0.989347
0.989793
0.990239
0.990685
0.991131
0.991576
0.992021
0.992466
0.99291
0.993354
0.993798
0.994242
0.994686
0.995129
0.995573
0.996016
0.996459
0.996902
0.997344
0.997787
0.99823
0.998672
0.999115
0.999557
