-1
-0.999792
-0.999584
-0.999376
-0.999167
-0.998959
-0.998751
-0.998543
-0.998334
-0.998126
-0.997917
-0.997709
-0.9975
-0.997292
-0.997083
-0.996874
-0.996665
-0.996456
-0.996247
-0.996037
-0.995828
-0.995618
-0.995408
-0.995198
-0.994988
-0.994778
-0.994568
-0.994357
-0.994146
-0.993935
-0.993724
-0.993512
-0.993301
-0.993089
-0.992877
-0.992664
-0.992452
-0.992239
-0.992026
-0.991812
-0.991599
-0.991385
-0.99117
-0.990956
-0.990741
-0.990526
-0.99031
-0.990094
-0.989878
-0.989662
-0.989445
-0.989227
-0.98901
-0.988792
-0.988573
-0.988355
-0.988135
-0.987916
-0.987696
-0.987475
-0.987254
-0.987033
-0.986811
-0.986589
-0.986366
-0.986143
-0.985919
-0.985695
-0.985471
-0.985245
-0.98502
-0.984794
-0.984567
-0.98434
-0.984112
-0.983883
-0.983654
-0.983425
-0.983195
-0.982964
-0.982733
-0.982501
-0.982268
-0.982035
-0.981801
-0.981567
-0.981331
-0.981096
-0.980859
-0.980622
-0.980384
-0.980145
-0.979906
-0.979666
-0.979425
-0.979184
-0.978941
-0.978698
-0.978455
-0.97821
-0.977965
-0.977718
-0.977471
-0.977224
-0.976975
-0.976725
-0.976475
-0.976224
-0.975972
-0.975719
-0.975465
-0.97521
-0.974954
-0.974697
-0.97444
-0.974181
-0.973921
-0.973661
-0.973399
-0.973137
-0.972873
-0.972608
-0.972343
-0.972076
-0.971808
-0.971539
-0.971269
-0.970998
-0.970726
-0.970453
-0.970178
-0.969903
-0.969626
-0.969348
-0.969069
-0.968788
-0.968507
-0.968224
-0.96794
-0.967654
-0.967368
-0.96708
-0.96679
-0.9665
-0.966208
-0.965914
-0.96562
-0.965324
-0.965026
-0.964727
-0.964427
-0.964125
-0.963822
-0.963517
-0.963211
-0.962903
-0.962594
-0.962283
-0.96197
-0.961656
-0.96134
-0.961023
-0.960704
-0.960384
-0.960061
-0.959737
-0.959412
-0.959084
-0.958755
-0.958424
-0.958091
-0.957757
-0.95742
-0.957082
-0.956742
-0.9564
-0.956056
-0.95571
-0.955362
-0.955012
-0.95466
-0.954306
-0.95395
-0.953592
-0.953232
-0.95287
-0.952505
-0.952139
-0.95177
-0.951399
-0.951025
-0.95065
-0.950272
-0.949892
-0.949509
-0.949124
-0.948737
-0.948347
-0.947954
-0.94756
-0.947162
-0.946762
-0.94636
-0.945955
-0.945547
-0.945137
-0.944723
-0.944308
-0.943889
-0.943467
-0.943043
-0.942616
-0.942186
-0.941753
-0.941317
-0.940878
-0.940436
-0.939991
-0.939542
-0.939091
-0.938636
-0.938179
-0.937717
-0.937253
-0.936785
-0.936314
-0.935839
-0.935361
-0.93488
-0.934394
-0.933906
-0.933413
-0.932917
-0.932417
-0.931913
-0.931406
-0.930895
-0.930379
-0.92986
-0.929336
-0.928809
-0.928277
-0.927742
-0.927202
-0.926657
-0.926109
-0.925556
-0.924998
-0.924436
-0.923869
-0.923298
-0.922722
-0.922141
-0.921556
-0.920965
-0.92037
-0.91977
-0.919164
-0.918553
-0.917938
-0.917316
-0.91669
-0.916058
-0.915421
-0.914778
-0.914129
-0.913474
-0.912814
-0.912148
-0.911476
-0.910798
-0.910114
-0.909423
-0.908726
-0.908023
-0.907314
-0.906597
-0.905875
-0.905145
-0.904409
-0.903665
-0.902915
-0.902157
-0.901392
-0.90062
-0.89984
-0.899053
-0.898258
-0.897455
-0.896645
-0.895826
-0.894999
-0.894164
-0.893321
-0.892469
-0.891608
-0.890739
-0.889861
-0.888974
-0.888077
-0.887172
-0.886257
-0.885332
-0.884398
-0.883453
-0.882499
-0.881535
-0.88056
-0.879575
-0.878579
-0.877572
-0.876554
-0.875525
-0.874485
-0.873433
-0.87237
-0.871294
-0.870207
-0.869107
-0.867995
-0.86687
-0.865733
-0.864582
-0.863418
-0.86224
-0.861049
-0.859844
-0.858624
-0.85739
-0.856142
-0.854879
-0.8536
-0.852306
-0.850996
-0.849671
-0.848329
-0.846971
-0.845596
-0.844204
-0.842795
-0.841368
-0.839923
-0.83846
-0.836979
-0.835479
-0.833959
-0.83242
-0.830861
-0.829282
-0.827683
-0.826062
-0.82442
-0.822757
-0.821071
-0.819364
-0.817633
-0.815879
-0.814101
-0.8123
-0.810474
-0.808623
-0.806746
-0.804844
-0.802916
-0.800961
-0.798978
-0.796968
-0.794929
-0.792862
-0.790766
-0.788639
-0.786483
-0.784295
-0.782076
-0.779825
-0.777542
-0.775225
-0.772874
-0.770489
-0.768069
-0.765613
-0.763121
-0.760592
-0.758025
-0.75542
-0.752775
-0.750091
-0.747366
-0.744601
-0.741793
-0.738942
-0.736048
-0.73311
-0.730126
-0.727097
-0.724021
-0.720897
-0.717725
-0.714503
-0.711232
-0.70791
-0.704535
-0.701108
-0.697628
-0.694092
-0.690501
-0.686854
-0.683149
-0.679386
-0.675563
-0.67168
-0.667736
-0.663729
-0.659659
-0.655525
-0.651325
-0.647059
-0.642726
-0.638324
-0.633853
-0.629312
-0.624699
-0.620013
-0.615254
-0.610421
-0.605512
-0.600526
-0.595463
-0.590322
-0.585101
-0.5798
-0.574417
-0.568952
-0.563404
-0.557772
-0.552055
-0.546252
-0.540363
-0.534386
-0.528321
-0.522168
-0.515924
-0.509591
-0.503167
-0.496651
-0.490044
-0.483344
-0.476551
-0.469666
-0.462687
-0.455614
-0.448447
-0.441187
-0.433832
-0.426383
-0.41884
-0.411203
-0.403473
-0.395649
-0.387733
-0.379723
-0.371622
-0.36343
-0.355147
-0.346774
-0.338313
-0.329763
-0.321127
-0.312405
-0.303598
-0.294709
-0.285739
-0.276688
-0.267559
-0.258354
-0.249073
-0.239721
-0.230297
-0.220805
-0.211247
-0.201625
-0.191941
-0.182198
-0.172399
-0.162546
-0.152642
-0.142689
-0.132691
-0.122651
-0.112571
-0.102455
-0.092305
-0.0821254
-0.071919
-0.0616889
-0.0514386
-0.0411713
-0.0308904
-0.0205993
-0.0103013
0
0.0103013
0.0205993
0.0308904
0.0411713
0.0514386
0.0616889
0.071919
0.0821254
0.092305
0.102455
0.112571
0.122651
0.132691
0.142689
0.152642
0.162546
0.172399
0.182198
0.191941
0.201625
0.211247
0.220805
0.230297
0.239721
0.249073
0.258354
0.267559
0.276688
0.285739
0.294709
0.303598
0.312405
0.321127
0.329763
0.338313
0.346774
0.355147
0.36343
0.371622
0.379723
0.387733
0.395649
0.403473
0.411203
0.41884
0.426383
0.433832
0.441187
0.448447
0.455614
0.462687
0.469666
0.476551
0.483344
0.490044
0.496651
0.503167
0.509591
0.515924
0.522168
0.528321
0.534386
0.540363
0.546252
0.552055
0.557772
0.563404
0.568952
0.574417
0.5798
0.585101
0.590322
0.595463
0.600526
0.605512
0.610421
0.615254
0.620013
0.624699
0.629312
0.633853
0.638324
0.642726
0.647059
0.651325
0.655525
0.659659
0.663729
0.667736
0.67168
0.675563
0.679386
0.683149
0.686854
0.690501
0.694092
0.697628
0.701108
0.704535
0.70791
0.711232
0.714503
0.717725
0.720897
0.724021
0.727097
0.730126
0.73311
0.736048
0.738942
0.741793
0.744601
0.747366
0.750091
0.752775
0.75542
0.758025
0.760592
0.763121
0.765613
0.768069
0.770489
0.772874
0.775225
0.777542
0.779825
0.782076
0.784295
0.786483
0.788639
0.790766
0.792862
0.794929
0.796968
0.798978
0.800961
0.802916
0.804844
0.806746
0.808623
0.810474
0.8123
0.814101
0.815879
0.817633
0.819364
0.821071
0.822757
0.82442
0.826062
0.827683
0.829282
0.830861
0.83242
0.833959
0.835479
0.836979
0.83846
0.839923
0.841368
0.842795
0.844204
0.845596
0.846971
0.848329
0.849671
0.850996
0.852306
0.8536
0.854879
0.856142
0.85739
0.858624
0.859844
0.861049
0.86224
0.863418
0.864582
0.865733
0.86687
0.867995
0.869107
0.870207
0.871294
0.87237
0.873433
0.874485
0.875525
0.876554
0.877572
0.878579
0.879575
0.88056
0.881535
0.882499
0.883453
0.884398
0.885332
0.886257
0.887172
0.888077
0.888974
0.889861
0.890739
0.891608
0.892469
0.893321
0.894164
0.894999
0.895826
0.896645
0.897455
0.898258
0.899053
0.89984
0.90062
0.901392
0.902157
0.902915
0.903665
0.904409
0.905145
0.905875
0.906597
0.907314
0.908023
0.908726
0.909423
0.910114
0.910798
0.911476
0.912148
0.912814
0.913474
0.914129
0.914778
0.915421
0.916058
0.91669
0.917316
0.917938
0.918553
0.919164
0.91977
0.92037
0.920965
0.921556
0.922141
0.922722
0.923298
0.923869
0.924436
0.924998
0.925556
0.926109
0.926657
0.927202
0.927742
0.928277
0.928809
0.929336
0.92986
0.930379
0.930895
0.931406
0.931913
0.932417
0.932917
0.933413
0.933906
0.934394
0.93488
0.935361
0.935839
0.936314
0.936785
0.937253
0.937717
0.938179
0.938636
0.939091
0.939542
0.939991
0.940436
0.940878
0.941317
0.941753
0.942186
0.942616
0.943043
0.943467
0.943889
0.944308
0.944723
0.945137
0.945547
0.945955
0.94636
0.946762
0.947162
0.94756
0.947954
0.948347
0.948737
0.949124
0.949509
0.949892
0.950272
0.95065
0.951025
0.951399
0.95177
0.952139
0.952505
0.95287
0.953232
0.953592
0.95395
0.954306
0.95466
0.955012
0.955362
0.95571
0.956056
0.9564
0.956742
0.957082
0.95742
0.957757
0.958091
0.958424
0.958755
0.959084
0.959412
0.959737
0.960061
0.960384
0.960704
0.961023
0.96134
0.961656
0.96197
0.962283
0.962594
0.962903
0.963211
0.963517
0.963822
0.964125
0.964427
0.964727
0.965026
0.965324
0.96562
0.965914
0.966208
0.9665
0.96679
0.96708
0.967368
0.967654
0.96794
0.968224
0.968507
0.968788
0.969069
0.969348
0.969626
0.969903
0.970178
0.970453
0.970726
0.970998
0.971269
0.971539
0.971808
0.972076
0.972343
0.972608
0.972873
0.973137
0.973399
0.973661
0.973921
0.974181
0.97444
0.974697
0.974954
0.97521
0.975465
0.975719
0.975972
0.976224
0.976475
0.976725
0.976975
0.977224
0.977471
0.977718
0.977965
0.97821
0.978455
0.978698
0.978941
0.979184
0.979425
0.979666
0.979906
0.980145
0.980384
0.980622
0.980859
0.981096
0.981331
0.981567
0.981801
0.982035
0.982268
0.982501
0.982733
0.982964
0.983195
0.983425
0.983654
0.983883
0.984112
0.98434
0.984567
0.984794
0.98502
0.985245
0.985471
0.985695
0.985919
0.986143
0.986366
0.986589
0.986811
0.987033
0.987254
0.987475
0.987696
0.987916
0.988135
0.988355
0.988573
0.988792
0.98901
0.989227
0.989445
0.989662
0.989878
0.990094
0.99031
0.990526
0.990741
0.990956
0.99117
0.991385
0.991599
0.991812
0.992026
0.992239
0.992452
0.992664
0.992877
0.993089
0.993301
0.993512
0.993724
0.993935
0.994146
0.994357
0.994568
0.994778
0.994988
0.995198
0.995408
0.995618
0.995828
0.996037
0.996247
0.996456
0.996665
0.996874
0.997083
0.997292
0.9975
0.997709
0.997917
0.998126
0.998334
0.998543
0.998751
0.998959
0.999167
0.999376
0.999584
0.999792
