-1.22465e-16
-0.00295548
-0.00591101
-0.00886664
-0.0118224
-0.0147784
-0.0177347
-0.0206913
-0.0236483
-0.0266056
-0.0295635
-0.0325219
-0.0354808
-0.0384404
-0.0414007
-0.0443617
-0.0473235
-0.0502861
-0.0532497
-0.0562141
-0.0591796
-0.0621461
-0.0651138
-0.0680825
-0.0710525
-0.0740238
-0.0769963
-0.0799702
-0.0829455
-0.0859223
-0.0889006
-0.0918804
-0.0948619
-0.097845
-0.10083
-0.103816
-0.106805
-0.109795
-0.112787
-0.115781
-0.118778
-0.121776
-0.124776
-0.127779
-0.130783
-0.13379
-0.1368
-0.139811
-0.142825
-0.145842
-0.14886
-0.151882
-0.154906
-0.157933
-0.160962
-0.163994
-0.167029
-0.170067
-0.173107
-0.17615
-0.179197
-0.182246
-0.185299
-0.188354
-0.191413
-0.194474
-0.197539
-0.200607
-0.203679
-0.206754
-0.209832
-0.212913
-0.215998
-0.219087
-0.222179
-0.225274
-0.228374
-0.231476
-0.234583
-0.237693
-0.240807
-0.243925
-0.247046
-0.250172
-0.253301
-0.256434
-0.259571
-0.262712
-0.265857
-0.269007
-0.27216
-0.275317
-0.278479
-0.281645
-0.284814
-0.287989
-0.291167
-0.294349
-0.297536
-0.300728
-0.303923
-0.307123
-0.310328
-0.313536
-0.31675
-0.319967
-0.323189
-0.326416
-0.329647
-0.332883
-0.336123
-0.339368
-0.342617
-0.345871
-0.34913
-0.352393
-0.355661
-0.358933
-0.36221
-0.365492
-0.368778
-0.372069
-0.375365
-0.378666
-0.381971
-0.38528
-0.388595
-0.391914
-0.395238
-0.398566
-0.401899
-0.405237
-0.40858
-0.411927
-0.415278
-0.418635
-0.421996
-0.425361
-0.428731
-0.432106
-0.435485
-0.438869
-0.442258
-0.44565
-0.449048
-0.452449
-0.455856
-0.459266
-0.462681
-0.4661
-0.469524
-0.472952
-0.476384
-0.47982
-0.48326
-0.486705
-0.490154
-0.493606
-0.497063
-0.500523
-0.503988
-0.507456
-0.510928
-0.514403
-0.517883
-0.521366
-0.524852
-0.528342
-0.531835
-0.535332
-0.538832
-0.542335
-0.545841
-0.549351
-0.552863
-0.556378
-0.559896
-0.563417
-0.56694
-0.570465
-0.573994
-0.577524
-0.581057
-0.584591
-0.588128
-0.591667
-0.595207
-0.59875
-0.602293
-0.605839
-0.609385
-0.612933
-0.616482
-0.620031
-0.623582
-0.627133
-0.630685
-0.634237
-0.637789
-0.641342
-0.644894
-0.648446
-0.651998
-0.655549
-0.659099
-0.662649
-0.666198
-0.669745
-0.673291
-0.676835
-0.680377
-0.683918
-0.687456
-0.690992
-0.694526
-0.698056
-0.701584
-0.705108
-0.708629
-0.712146
-0.71566
-0.719169
-0.722674
-0.726174
-0.72967
-0.73316
-0.736646
-0.740125
-0.743599
-0.747067
-0.750528
-0.753982
-0.75743
-0.76087
-0.764303
-0.767729
-0.771146
-0.774554
-0.777954
-0.781345
-0.784727
-0.788099
-0.791461
-0.794813
-0.798154
-0.801484
-0.804803
-0.808111
-0.811406
-0.814689
-0.817959
-0.821216
-0.824459
-0.827689
-0.830905
-0.834106
-0.837291
-0.840462
-0.843616
-0.846755
-0.849877
-0.852981
-0.856068
-0.859138
-0.862189
-0.865221
-0.868234
-0.871227
-0.8742
-0.877152
-0.880084
-0.882994
-0.885881
-0.888747
-0.891589
-0.894408
-0.897203
-0.899973
-0.902718
-0.905438
-0.908132
-0.910799
-0.91344
-0.916052
-0.918637
-0.921193
-0.923719
-0.926216
-0.928683
-0.931118
-0.933523
-0.935895
-0.938234
-0.940541
-0.942813
-0.945051
-0.947255
-0.949422
-0.951554
-0.953649
-0.955706
-0.957726
-0.959707
-0.961648
-0.96355
-0.965412
-0.967232
-0.969011
-0.970747
-0.97244
-0.97409
-0.975695
-0.977256
-0.97877
-0.980239
-0.981661
-0.983035
-0.984361
-0.985637
-0.986865
-0.988042
-0.989168
-0.990243
-0.991265
-0.992235
-0.993151
-0.994013
-0.994819
-0.99557
-0.996265
-0.996903
-0.997483
-0.998005
-0.998468
-0.998871
-0.999214
-0.999496
-0.999716
-0.999874
-0.999969
-1
-0.999967
-0.999868
-0.999704
-0.999474
-0.999176
-0.998811
-0.998378
-0.997876
-0.997304
-0.996662
-0.995949
-0.995164
-0.994307
-0.993378
-0.992375
-0.991299
-0.990148
-0.988921
-0.987619
-0.986241
-0.984785
-0.983253
-0.981642
-0.979953
-0.978184
-0.976336
-0.974408
-0.972399
-0.970309
-0.968137
-0.965883
-0.963546
-0.961126
-0.958623
-0.956036
-0.953364
-0.950607
-0.947765
-0.944837
-0.941823
-0.938723
-0.935536
-0.932261
-0.928899
-0.92545
-0.921912
-0.918286
-0.914571
-0.910767
-0.906873
-0.902891
-0.898819
-0.894656
-0.890404
-0.886062
-0.881629
-0.877106
-0.872492
-0.867787
-0.862992
-0.858106
-0.853128
-0.84806
-0.842901
-0.837651
-0.83231
-0.826878
-0.821356
-0.815743
-0.810039
-0.804244
-0.79836
-0.792385
-0.78632
-0.780165
-0.773921
-0.767588
-0.761166
-0.754655
-0.748055
-0.741368
-0.734592
-0.72773
-0.72078
-0.713744
-0.706622
-0.699414
-0.692122
-0.684744
-0.677283
-0.669738
-0.66211
-0.6544
-0.646608
-0.638735
-0.630781
-0.622748
-0.614635
-0.606445
-0.598177
-0.589832
-0.581411
-0.572915
-0.564344
-0.5557
-0.546983
-0.538195
-0.529336
-0.520407
-0.511409
-0.502343
-0.493211
-0.484012
-0.474748
-0.465421
-0.456031
-0.446579
-0.437067
-0.427496
-0.417866
-0.408179
-0.398436
-0.388639
-0.378788
-0.368885
-0.358931
-0.348927
-0.338875
-0.328776
-0.318631
-0.308441
-0.298208
-0.287934
-0.277619
-0.267266
-0.256874
-0.246447
-0.235984
-0.225488
-0.214961
-0.204403
-0.193815
-0.183201
-0.17256
-0.161895
-0.151206
-0.140496
-0.129766
-0.119018
-0.108252
-0.0974715
-0.0866765
-0.0758691
-0.0650509
-0.0542233
-0.043388
-0.0325465
-0.0217002
-0.0108509
0
0.0108509
0.0217002
0.0325465
0.043388
0.0542233
0.0650509
0.0758691
0.0866765
0.0974715
0.108252
0.119018
0.129766
0.140496
0.151206
0.161895
0.17256
0.183201
0.193815
0.204403
0.214961
0.225488
0.235984
0.246447
0.256874
0.267266
0.277619
0.287934
0.298208
0.308441
0.318631
0.328776
0.338875
0.348927
0.358931
0.368885
0.378788
0.388639
0.398436
0.408179
0.417866
0.427496
0.437067
0.446579
0.456031
0.465421
0.474748
0.484012
0.493211
0.502343
0.511409
0.520407
0.529336
0.538195
0.546983
0.5557
0.564344
0.572915
0.581411
0.589832
0.598177
0.606445
0.614635
0.622748
0.630781
0.638735
0.646608
0.6544
0.66211
0.669738
0.677283
0.684744
0.692122
0.699414
0.706622
0.713744
0.72078
0.72773
0.734592
0.741368
0.748055
0.754655
0.761166
0.767588
0.773921
0.780165
0.78632
0.792385
0.79836
0.804244
0.810039
0.815743
0.821356
0.826878
0.83231
0.837651
0.842901
0.84806
0.853128
0.858106
0.862992
0.867787
0.872492
0.877106
0.881629
0.886062
0.890404
0.894656
0.898819
0.902891
0.906873
0.910767
0.914571
0.918286
0.921912
0.92545
0.928899
0.932261
0.935536
0.938723
0.941823
0.944837
0.947765
0.950607
0.953364
0.956036
0.958623
0.961126
0.963546
0.965883
0.968137
0.970309
0.972399
0.974408
0.976336
0.978184
0.979953
0.981642
0.983253
0.984785
0.986241
0.987619
0.988921
0.990148
0.991299
0.992375
0.993378
0.994307
0.995164
0.995949
0.996662
0.997304
0.997876
0.998378
0.998811
0.999176
0.999474
0.999704
0.999868
0.999967
1
0.999969
0.999874
0.999716
0.999496
0.999214
0.998871
0.998468
0.998005
0.997483
0.996903
0.996265
0.99557
0.994819
0.994013
0.993151
0.992235
0.991265
0.990243
0.989168
0.988042
0.986865
0.985637
0.984361
0.983035
0.981661
0.980239
0.97877
0.977256
0.975695
0.97409
0.97244
0.970747
0.969011
0.967232
0.965412
0.96355
0.961648
0.959707
0.957726
0.955706
0.953649
0.951554
0.949422
0.947255
0.945051
0.942813
0.940541
0.938234
0.935895
0.933523
0.931118
0.928683
0.926216
0.923719
0.921193
0.918637
0.916052
0.91344
0.910799
0.908132
0.905438
0.902718
0.899973
0.897203
0.894408
0.891589
0.888747
0.885881
0.882994
0.880084
0.877152
0.8742
0.871227
0.868234
0.865221
0.862189
0.859138
0.856068
0.852981
0.849877
0.846755
0.843616
0.840462
0.837291
0.834106
0.830905
0.827689
0.824459
0.821216
0.817959
0.814689
0.811406
0.808111
0.804803
0.801484
0.798154
0.794813
0.791461
0.788099
0.784727
0.781345
0.777954
0.774554
0.771146
0.767729
0.764303
0.76087
0.75743
0.753982
0.750528
0.747067
0.743599
0.740125
0.736646
0.73316
0.72967
0.726174
0.722674
0.719169
0.71566
0.712146
0.708629
0.705108
0.701584
0.698056
0.694526
0.690992
0.687456
0.683918
0.680377
0.676835
0.673291
0.669745
0.666198
0.662649
0.659099
0.655549
0.651998
0.648446
0.644894
0.641342
0.637789
0.634237
0.630685
0.627133
0.623582
0.620031
0.616482
0.612933
0.609385
0.605839
0.602293
0.59875
0.595207
0.591667
0.588128
0.584591
0.581057
0.577524
0.573994
0.570465
0.56694
0.563417
0.559896
0.556378
0.552863
0.549351
0.545841
0.542335
0.538832
0.535332
0.531835
0.528342
0.524852
0.521366
0.517883
0.514403
0.510928
0.507456
0.503988
0.500523
0.497063
0.493606
0.490154
0.486705
0.48326
0.47982
0.476384
0.472952
0.469524
0.4661
0.462681
0.459266
0.455856
0.452449
0.449048
0.44565
0.442258
0.438869
0.435485
0.432106
0.428731
0.425361
0.421996
0.418635
0.415278
0.411927
0.40858
0.405237
0.401899
0.398566
0.395238
0.391914
0.388595
0.38528
0.381971
0.378666
0.375365
0.372069
0.368778
0.365492
0.36221
0.358933
0.355661
0.352393
0.34913
0.345871
0.342617
0.339368
0.336123
0.332883
0.329647
0.326416
0.323189
0.319967
0.31675
0.313536
0.310328
0.307123
0.303923
0.300728
0.297536
0.294349
0.291167
0.287989
0.284814
0.281645
0.278479
0.275317
0.27216
0.269007
0.265857
0.262712
0.259571
0.256434
0.253301
0.250172
0.247046
0.243925
0.240807
0.237693
0.234583
0.231476
0.228374
0.225274
0.222179
0.219087
0.215998
0.212913
0.209832
0.206754
0.203679
0.200607
0.197539
0.194474
0.191413
0.188354
0.185299
0.182246
0.179197
0.17615
0.173107
0.170067
0.167029
0.163994
0.160962
0.157933
0.154906
0.151882
0.14886
0.145842
0.142825
0.139811
0.1368
0.13379
0.130783
0.127779
0.124776
0.121776
0.118778
0.115781
0.112787
0.109795
0.106805
0.103816
0.10083
0.097845
0.0948619
0.0918804
0.0889006
0.0859223
0.0829455
0.0799702
0.0769963
0.0740238
0.0710525
0.0680825
0.0651138
0.0621461
0.0591796
0.0562141
0.0532497
0.0502861
0.0473235
0.0443617
0.0414007
0.0384404
0.0354808
0.0325219
0.0295635
0.0266056
0.0236483
0.0206913
0.0177347
0.0147784
0.0118224
0.00886664
0.00591101
0.00295548
