-1.22465e-16
-0.00139019
-0.00278043
-0.00417075
-0.0055612
-0.00695182
-0.00834265
-0.00973373
-0.0111251
-0.0125168
-0.0139089
-0.0153015
-0.0166945
-0.018088
-0.019482
-0.0208767
-0.022272
-0.023668
-0.0250647
-0.0264621
-0.0278604
-0.0292595
-0.0306595
-0.0320605
-0.0334624
-0.0348654
-0.0362694
-0.0376746
-0.0390809
-0.0404884
-0.0418971
-0.0433071
-0.0447185
-0.0461312
-0.0475453
-0.0489609
-0.050378
-0.0517966
-0.0532169
-0.0546387
-0.0560623
-0.0574875
-0.0589146
-0.0603434
-0.0617741
-0.0632067
-0.0646413
-0.0660778
-0.0675164
-0.068957
-0.0703998
-0.0718447
-0.0732919
-0.0747413
-0.0761931
-0.0776472
-0.0791036
-0.0805626
-0.082024
-0.083488
-0.0849545
-0.0864237
-0.0878955
-0.0893701
-0.0908475
-0.0923276
-0.0938107
-0.0952966
-0.0967855
-0.0982775
-0.0997724
-0.101271
-0.102772
-0.104276
-0.105784
-0.107295
-0.108809
-0.110327
-0.111848
-0.113373
-0.114901
-0.116433
-0.117968
-0.119508
-0.12105
-0.122597
-0.124148
-0.125702
-0.127261
-0.128823
-0.13039
-0.13196
-0.133535
-0.135114
-0.136697
-0.138285
-0.139877
-0.141473
-0.143074
-0.144679
-0.146289
-0.147904
-0.149523
-0.151147
-0.152776
-0.15441
-0.156048
-0.157692
-0.159341
-0.160994
-0.162653
-0.164317
-0.165987
-0.167661
-0.169341
-0.171027
-0.172718
-0.174414
-0.176117
-0.177824
-0.179538
-0.181257
-0.182983
-0.184714
-0.186451
-0.188194
-0.189943
-0.191699
-0.19346
-0.195228
-0.197002
-0.198783
-0.20057
-0.202364
-0.204164
-0.205971
-0.207785
-0.209605
-0.211433
-0.213267
-0.215108
-0.216957
-0.218812
-0.220675
-0.222545
-0.224422
-0.226307
-0.228199
-0.230099
-0.232006
-0.233921
-0.235844
-0.237775
-0.239714
-0.24166
-0.243615
-0.245577
-0.247548
-0.249528
-0.251515
-0.253511
-0.255516
-0.257529
-0.25955
-0.261581
-0.26362
-0.265668
-0.267725
-0.269791
-0.271866
-0.27395
-0.276044
-0.278147
-0.280259
-0.282381
-0.284512
-0.286653
-0.288804
-0.290965
-0.293135
-0.295316
-0.297506
-0.299707
-0.301918
-0.304139
-0.306371
-0.308613
-0.310866
-0.313129
-0.315403
-0.317688
-0.319984
-0.322291
-0.324609
-0.326938
-0.329278
-0.33163
-0.333993
-0.336368
-0.338754
-0.341152
-0.343562
-0.345983
-0.348417
-0.350863
-0.35332
-0.35579
-0.358273
-0.360767
-0.363275
-0.365794
-0.368327
-0.370872
-0.37343
-0.376001
-0.378585
-0.381183
-0.383793
-0.386417
-0.389054
-0.391705
-0.394369
-0.397047
-0.399738
-0.402444
-0.405163
-0.407896
-0.410644
-0.413405
-0.416181
-0.418972
-0.421776
-0.424596
-0.42743
-0.430278
-0.433141
-0.43602
-0.438913
-0.441821
-0.444744
-0.447683
-0.450637
-0.453606
-0.45659
-0.45959
-0.462606
-0.465637
-0.468684
-0.471747
-0.474825
-0.47792
-0.48103
-0.484157
-0.487299
-0.490458
-0.493633
-0.496824
-0.500032
-0.503256
-0.506496
-0.509753
-0.513026
-0.516316
-0.519623
-0.522946
-0.526286
-0.529642
-0.533015
-0.536405
-0.539812
-0.543236
-0.546676
-0.550133
-0.553606
-0.557097
-0.560604
-0.564128
-0.567669
-0.571227
-0.574801
-0.578392
-0.582
-0.585624
-0.589265
-0.592922
-0.596595
-0.600285
-0.603992
-0.607714
-0.611453
-0.615207
-0.618978
-0.622764
-0.626566
-0.630384
-0.634217
-0.638065
-0.641928
-0.645806
-0.649699
-0.653607
-0.657529
-0.661465
-0.665415
-0.669379
-0.673356
-0.677347
-0.68135
-0.685366
-0.689394
-0.693435
-0.697487
-0.701551
-0.705625
-0.709711
-0.713806
-0.717912
-0.722027
-0.726151
-0.730284
-0.734424
-0.738572
-0.742728
-0.74689
-0.751058
-0.755231
-0.759409
-0.763592
-0.767778
-0.771967
-0.776158
-0.780351
-0.784544
-0.788738
-0.792931
-0.797122
-0.801311
-0.805497
-0.809678
-0.813854
-0.818025
-0.822188
-0.826343
-0.83049
-0.834626
-0.83875
-0.842863
-0.846961
-0.851045
-0.855113
-0.859163
-0.863195
-0.867207
-0.871197
-0.875164
-0.879107
-0.883025
-0.886914
-0.890775
-0.894605
-0.898403
-0.902166
-0.905894
-0.909585
-0.913235
-0.916845
-0.920411
-0.923931
-0.927405
-0.930829
-0.934201
-0.93752
-0.940782
-0.943987
-0.947131
-0.950212
-0.953228
-0.956176
-0.959054
-0.96186
-0.96459
-0.967241
-0.969813
-0.972301
-0.974702
-0.977015
-0.979236
-0.981362
-0.98339
-0.985318
-0.987141
-0.988858
-0.990465
-0.991959
-0.993337
-0.994595
-0.995731
-0.99674
-0.99762
-0.998367
-0.998979
-0.99945
-0.999779
-0.999961
-0.999994
-0.999873
-0.999595
-0.999157
-0.998556
-0.997787
-0.996847
-0.995732
-0.99444
-0.992966
-0.991308
-0.989461
-0.987422
-0.985188
-0.982756
-0.980121
-0.977281
-0.974233
-0.970972
-0.967497
-0.963803
-0.959888
-0.955748
-0.951382
-0.946785
-0.941955
-0.936889
-0.931585
-0.92604
-0.920252
-0.914218
-0.907937
-0.901406
-0.894622
-0.887585
-0.880293
-0.872743
-0.864935
-0.856867
-0.848539
-0.839948
-0.831095
-0.821979
-0.812598
-0.802954
-0.793046
-0.782873
-0.772437
-0.761737
-0.750774
-0.73955
-0.728065
-0.71632
-0.704318
-0.692059
-0.679545
-0.66678
-0.653764
-0.640501
-0.626994
-0.613245
-0.599257
-0.585035
-0.570582
-0.555901
-0.540998
-0.525875
-0.510538
-0.494992
-0.479242
-0.463292
-0.447149
-0.430817
-0.414303
-0.397612
-0.380751
-0.363727
-0.346545
-0.329212
-0.311736
-0.294124
-0.276381
-0.258517
-0.240539
-0.222453
-0.204268
-0.185992
-0.167633
-0.149198
-0.130696
-0.112135
-0.0935236
-0.0748698
-0.0561821
-0.0374689
-0.0187387
0
0.0187387
0.0374689
0.0561821
0.0748698
0.0935236
0.112135
0.130696
0.149198
0.167633
0.185992
0.204268
0.222453
0.240539
0.258517
0.276381
0.294124
0.311736
0.329212
0.346545
0.363727
0.380751
0.397612
0.414303
0.430817
0.447149
0.463292
0.479242
0.494992
0.510538
0.525875
0.540998
0.555901
0.570582
0.585035
0.599257
0.613245
0.626994
0.640501
0.653764
0.66678
0.679545
0.692059
0.704318
0.71632
0.728065
0.73955
0.750774
0.761737
0.772437
0.782873
0.793046
0.802954
0.812598
0.821979
0.831095
0.839948
0.848539
0.856867
0.864935
0.872743
0.880293
0.887585
0.894622
0.901406
0.907937
0.914218
0.920252
0.92604
0.931585
0.936889
0.941955
0.946785
0.951382
0.955748
0.959888
0.963803
0.967497
0.970972
0.974233
0.977281
0.980121
0.982756
0.985188
0.987422
0.989461
0.991308
0.992966
0.99444
0.995732
0.996847
0.997787
0.998556
0.999157
0.999595
0.999873
0.999994
0.999961
0.999779
0.99945
0.998979
0.998367
0.99762
0.99674
0.995731
0.994595
0.993337
0.991959
0.990465
0.988858
0.987141
0.985318
0.98339
0.981362
0.979236
0.977015
0.974702
0.972301
0.969813
0.967241
0.96459
0.96186
0.959054
0.956176
0.953228
0.950212
0.947131
0.943987
0.940782
0.93752
0.934201
0.930829
0.927405
0.923931
0.920411
0.916845
0.913235
0.909585
0.905894
0.902166
0.898403
0.894605
0.890775
0.886914
0.883025
0.879107
0.875164
0.871197
0.867207
0.863195
0.859163
0.855113
0.851045
0.846961
0.842863
0.83875
0.834626
0.83049
0.826343
0.822188
0.818025
0.813854
0.809678
0.805497
0.801311
0.797122
0.792931
0.788738
0.784544
0.780351
0.776158
0.771967
0.767778
0.763592
0.759409
0.755231
0.751058
0.74689
0.742728
0.738572
0.734424
0.730284
0.726151
0.722027
0.717912
0.713806
0.709711
0.705625
0.701551
0.697487
0.693435
0.689394
0.685366
0.68135
0.677347
0.673356
0.669379
0.665415
0.661465
0.657529
0.653607
0.649699
0.645806
0.641928
0.638065
0.634217
0.630384
0.626566
0.622764
0.618978
0.615207
0.611453
0.607714
0.603992
0.600285
0.596595
0.592922
0.589265
0.585624
0.582
0.578392
0.574801
0.571227
0.567669
0.564128
0.560604
0.557097
0.553606
0.550133
0.546676
0.543236
0.539812
0.536405
0.533015
0.529642
0.526286
0.522946
0.519623
0.516316
0.513026
0.509753
0.506496
0.503256
0.500032
0.496824
0.493633
0.490458
0.487299
0.484157
0.48103
0.47792
0.474825
0.471747
0.468684
0.465637
0.462606
0.45959
0.45659
0.453606
0.450637
0.447683
0.444744
0.441821
0.438913
0.43602
0.433141
0.430278
0.42743
0.424596
0.421776
0.418972
0.416181
0.413405
0.410644
0.407896
0.405163
0.402444
0.399738
0.397047
0.394369
0.391705
0.389054
0.386417
0.383793
0.381183
0.378585
0.376001
0.37343
0.370872
0.368327
0.365794
0.363275
0.360767
0.358273
0.35579
0.35332
0.350863
0.348417
0.345983
0.343562
0.341152
0.338754
0.336368
0.333993
0.33163
0.329278
0.326938
0.324609
0.322291
0.319984
0.317688
0.315403
0.313129
0.310866
0.308613
0.306371
0.304139
0.301918
0.299707
0.297506
0.295316
0.293135
0.290965
0.288804
0.286653
0.284512
0.282381
0.280259
0.278147
0.276044
0.27395
0.271866
0.269791
0.267725
0.265668
0.26362
0.261581
0.25955
0.257529
0.255516
0.253511
0.251515
0.249528
0.247548
0.245577
0.243615
0.24166
0.239714
0.237775
0.235844
0.233921
0.232006
0.230099
0.228199
0.226307
0.224422
0.222545
0.220675
0.218812
0.216957
0.215108
0.213267
0.211433
0.209605
0.207785
0.205971
0.204164
0.202364
0.20057
0.198783
0.197002
0.195228
0.19346
0.191699
0.189943
0.188194
0.186451
0.184714
0.182983
0.181257
0.179538
0.177824
0.176117
0.174414
0.172718
0.171027
0.169341
0.167661
0.165987
0.164317
0.162653
0.160994
0.159341
0.157692
0.156048
0.15441
0.152776
0.151147
0.149523
0.147904
0.146289
0.144679
0.143074
0.141473
0.139877
0.138285
0.136697
0.135114
0.133535
0.13196
0.13039
0.128823
0.127261
0.125702
0.124148
0.122597
0.12105
0.119508
0.117968
0.116433
0.114901
0.113373
0.111848
0.110327
0.108809
0.107295
0.105784
0.104276
0.102772
0.101271
0.0997724
0.0982775
0.0967855
0.0952966
0.0938107
0.0923276
0.0908475
0.0893701
0.0878955
0.0864237
0.0849545
0.083488
0.082024
0.0805626
0.0791036
0.0776472
0.0761931
0.0747413
0.0732919
0.0718447
0.0703998
0.068957
0.0675164
0.0660778
0.0646413
0.0632067
0.0617741
0.0603434
0.0589146
0.0574875
0.0560623
0.0546387
0.0532169
0.0517966
0.050378
0.0489609
0.0475453
0.0461312
0.0447185
0.0433071
0.0418971
0.0404884
0.0390809
0.0376746
0.0362694
0.0348654
0.0334624
0.0320605
0.0306595
0.0292595
0.0278604
0.0264621
0.0250647
0.023668
0.022272
0.0208767
0.019482
0.018088
0.0166945
0.0153015
0.0139089
0.0125168
0.0111251
0.00973373
0.00834265
0.00695182
0.0055612
0.00417075
0.00278043
0.00139019
