-1
-0.999697
-0.999393
-0.999089
-0.998786
-0.998482
-0.998179
-0.997875
-0.997571
-0.997267
-0.996963
-0.996659
-0.996355
-0.996051
-0.995746
-0.995442
-0.995137
-0.994832
-0.994527
-0.994222
-0.993917
-0.993611
-0.993305
-0.992999
-0.992693
-0.992386
-0.992079
-0.991772
-0.991465
-0.991157
-0.99085
-0.990541
-0.990233
-0.989924
-0.989615
-0.989305
-0.988995
-0.988685
-0.988374
-0.988063
-0.987752
-0.98744
-0.987128
-0.986815
-0.986502
-0.986188
-0.985874
-0.985559
-0.985244
-0.984929
-0.984612
-0.984296
-0.983979
-0.983661
-0.983343
-0.983024
-0.982705
-0.982385
-0.982064
-0.981743
-0.981421
-0.981098
-0.980775
-0.980452
-0.980127
-0.979802
-0.979476
-0.97915
-0.978822
-0.978494
-0.978166
-0.977836
-0.977506
-0.977175
-0.976843
-0.976511
-0.976177
-0.975843
-0.975508
-0.975172
-0.974835
-0.974497
-0.974159
-0.973819
-0.973479
-0.973137
-0.972795
-0.972452
-0.972108
-0.971762
-0.971416
-0.971069
-0.970721
-0.970371
-0.970021
-0.96967
-0.969317
-0.968963
-0.968609
-0.968253
-0.967896
-0.967538
-0.967178
-0.966818
-0.966456
-0.966093
-0.965729
-0.965364
-0.964997
-0.964629
-0.96426
-0.96389
-0.963518
-0.963145
-0.96277
-0.962394
-0.962017
-0.961638
-0.961258
-0.960877
-0.960494
-0.960109
-0.959723
-0.959336
-0.958947
-0.958556
-0.958164
-0.95777
-0.957375
-0.956978
-0.95658
-0.956179
-0.955778
-0.955374
-0.954969
-0.954562
-0.954153
-0.953743
-0.95333
-0.952916
-0.9525
-0.952083
-0.951663
-0.951242
-0.950818
-0.950393
-0.949965
-0.949536
-0.949105
-0.948672
-0.948236
-0.947799
-0.947359
-0.946918
-0.946474
-0.946028
-0.94558
-0.94513
-0.944677
-0.944223
-0.943766
-0.943306
-0.942845
-0.942381
-0.941914
-0.941446
-0.940974
-0.940501
-0.940025
-0.939546
-0.939065
-0.938581
-0.938095
-0.937606
-0.937114
-0.93662
-0.936123
-0.935623
-0.93512
-0.934615
-0.934107
-0.933596
-0.933082
-0.932565
-0.932045
-0.931522
-0.930997
-0.930468
-0.929936
-0.929401
-0.928862
-0.928321
-0.927776
-0.927228
-0.926677
-0.926122
-0.925564
-0.925003
-0.924438
-0.92387
-0.923298
-0.922723
-0.922144
-0.921561
-0.920975
-0.920385
-0.919791
-0.919193
-0.918592
-0.917986
-0.917377
-0.916763
-0.916146
-0.915525
-0.914899
-0.914269
-0.913635
-0.912997
-0.912354
-0.911707
-0.911056
-0.9104
-0.90974
-0.909075
-0.908405
-0.907731
-0.907052
-0.906368
-0.90568
-0.904986
-0.904288
-0.903584
-0.902876
-0.902162
-0.901443
-0.900719
-0.89999
-0.899255
-0.898515
-0.897769
-0.897018
-0.896261
-0.895498
-0.89473
-0.893955
-0.893175
-0.892389
-0.891597
-0.890798
-0.889994
-0.889183
-0.888366
-0.887542
-0.886712
-0.885875
-0.885032
-0.884182
-0.883325
-0.882461
-0.88159
-0.880712
-0.879827
-0.878934
-0.878035
-0.877128
-0.876213
-0.87529
-0.87436
-0.873422
-0.872477
-0.871523
-0.870561
-0.86959
-0.868612
-0.867625
-0.866629
-0.865625
-0.864612
-0.86359
-0.86256
-0.86152
-0.86047
-0.859412
-0.858344
-0.857266
-0.856179
-0.855082
-0.853975
-0.852858
-0.851731
-0.850593
-0.849445
-0.848286
-0.847116
-0.845936
-0.844744
-0.843542
-0.842328
-0.841102
-0.839865
-0.838616
-0.837355
-0.836082
-0.834796
-0.833498
-0.832188
-0.830864
-0.829528
-0.828179
-0.826816
-0.82544
-0.82405
-0.822646
-0.821229
-0.819797
-0.81835
-0.816889
-0.815413
-0.813922
-0.812416
-0.810895
-0.809358
-0.807804
-0.806235
-0.80465
-0.803048
-0.801429
-0.799793
-0.79814
-0.79647
-0.794782
-0.793076
-0.791351
-0.789609
-0.787847
-0.786067
-0.784267
-0.782448
-0.78061
-0.778751
-0.776872
-0.774972
-0.773051
-0.77111
-0.769147
-0.767162
-0.765155
-0.763126
-0.761074
-0.758999
-0.756901
-0.754779
-0.752634
-0.750464
-0.74827
-0.74605
-0.743806
-0.741536
-0.73924
-0.736917
-0.734569
-0.732193
-0.729789
-0.727358
-0.724899
-0.722412
-0.719896
-0.71735
-0.714775
-0.71217
-0.709534
-0.706868
-0.704171
-0.701442
-0.698681
-0.695887
-0.693061
-0.690202
-0.687309
-0.684382
-0.68142
-0.678424
-0.675392
-0.672325
-0.669221
-0.666081
-0.662903
-0.659689
-0.656436
-0.653145
-0.649815
-0.646446
-0.643037
-0.639588
-0.636099
-0.632569
-0.628997
-0.625383
-0.621727
-0.618028
-0.614286
-0.610501
-0.606671
-0.602797
-0.598878
-0.594914
-0.590904
-0.586848
-0.582745
-0.578596
-0.574399
-0.570155
-0.565862
-0.561521
-0.557131
-0.552692
-0.548204
-0.543665
-0.539077
-0.534438
-0.529748
-0.525007
-0.520215
-0.515371
-0.510475
-0.505527
-0.500526
-0.495473
-0.490368
-0.485209
-0.479997
-0.474732
-0.469414
-0.464042
-0.458616
-0.453137
-0.447604
-0.442017
-0.436377
-0.430683
-0.424935
-0.419134
-0.413279
-0.407371
-0.40141
-0.395395
-0.389328
-0.383208
-0.377035
-0.37081
-0.364534
-0.358206
-0.351827
-0.345397
-0.338917
-0.332387
-0.325807
-0.319179
-0.312502
-0.305777
-0.299006
-0.292187
-0.285323
-0.278414
-0.27146
-0.264463
-0.257423
-0.25034
-0.243217
-0.236053
-0.22885
-0.221608
-0.214328
-0.207013
-0.199661
-0.192275
-0.184856
-0.177405
-0.169922
-0.16241
-0.154868
-0.1473
-0.139704
-0.132084
-0.12444
-0.116773
-0.109086
-0.101378
-0.0936517
-0.0859083
-0.0781492
-0.0703756
-0.062589
-0.0547908
-0.0469825
-0.0391654
-0.0313411
-0.0235109
-0.0156764
-0.00783892
0
0.00783892
0.0156764
0.0235109
0.0313411
0.0391654
0.0469825
0.0547908
0.062589
0.0703756
0.0781492
0.0859083
0.0936517
0.101378
0.109086
0.116773
0.12444
0.132084
0.139704
0.1473
0.154868
0.16241
0.169922
0.177405
0.184856
0.192275
0.199661
0.207013
0.214328
0.221608
0.22885
0.236053
0.243217
0.25034
0.257423
0.264463
0.27146
0.278414
0.285323
0.292187
0.299006
0.305777
0.312502
0.319179
0.325807
0.332387
0.338917
0.345397
0.351827
0.358206
0.364534
0.37081
0.377035
0.383208
0.389328
0.395395
0.40141
0.407371
0.413279
0.419134
0.424935
0.430683
0.436377
0.442017
0.447604
0.453137
0.458616
0.464042
0.469414
0.474732
0.479997
0.485209
0.490368
0.495473
0.500526
0.505527
0.510475
0.515371
0.520215
0.525007
0.529748
0.534438
0.539077
0.543665
0.548204
0.552692
0.557131
0.561521
0.565862
0.570155
0.574399
0.578596
0.582745
0.586848
0.590904
0.594914
0.598878
0.602797
0.606671
0.610501
0.614286
0.618028
0.621727
0.625383
0.628997
0.632569
0.636099
0.639588
0.643037
0.646446
0.649815
0.653145
0.656436
0.659689
0.662903
0.666081
0.669221
0.672325
0.675392
0.678424
0.68142
0.684382
0.687309
0.690202
0.693061
0.695887
0.698681
0.701442
0.704171
0.706868
0.709534
0.71217
0.714775
0.71735
0.719896
0.722412
0.724899
0.727358
0.729789
0.732193
0.734569
0.736917
0.73924
0.741536
0.743806
0.74605
0.74827
0.750464
0.752634
0.754779
0.756901
0.758999
0.761074
0.763126
0.765155
0.767162
0.769147
0.77111
0.773051
0.774972
0.776872
0.778751
0.78061
0.782448
0.784267
0.786067
0.787847
0.789609
0.791351
0.793076
0.794782
0.79647
0.79814
0.799793
0.801429
0.803048
0.80465
0.806235
0.807804
0.809358
0.810895
0.812416
0.813922
0.815413
0.816889
0.81835
0.819797
0.821229
0.822646
0.82405
0.82544
0.826816
0.828179
0.829528
0.830864
0.832188
0.833498
0.834796
0.836082
0.837355
0.838616
0.839865
0.841102
0.842328
0.843542
0.844744
0.845936
0.847116
0.848286
0.849445
0.850593
0.851731
0.852858
0.853975
0.855082
0.856179
0.857266
0.858344
0.859412
0.86047
0.86152
0.86256
0.86359
0.864612
0.865625
0.866629
0.867625
0.868612
0.86959
0.870561
0.871523
0.872477
0.873422
0.87436
0.87529
0.876213
0.877128
0.878035
0.878934
0.879827
0.880712
0.88159
0.882461
0.883325
0.884182
0.885032
0.885875
0.886712
0.887542
0.888366
0.889183
0.889994
0.890798
0.891597
0.892389
0.893175
0.893955
0.89473
0.895498
0.896261
0.897018
0.897769
0.898515
0.899255
0.89999
0.900719
0.901443
0.902162
0.902876
0.903584
0.904288
0.904986
0.90568
0.906368
0.907052
0.907731
0.908405
0.909075
0.90974
0.9104
0.911056
0.911707
0.912354
0.912997
0.913635
0.914269
0.914899
0.915525
0.916146
0.916763
0.917377
0.917986
0.918592
0.919193
0.919791
0.920385
0.920975
0.921561
0.922144
0.922723
0.923298
0.92387
0.924438
0.925003
0.925564
0.926122
0.926677
0.927228
0.927776
0.928321
0.928862
0.929401
0.929936
0.930468
0.930997
0.931522
0.932045
0.932565
0.933082
0.933596
0.934107
0.934615
0.93512
0.935623
0.936123
0.93662
0.937114
0.937606
0.938095
0.938581
0.939065
0.939546
0.940025
0.940501
0.940974
0.941446
0.941914
0.942381
0.942845
0.943306
0.943766
0.944223
0.944677
0.94513
0.94558
0.946028
0.946474
0.946918
0.947359
0.947799
0.948236
0.948672
0.949105
0.949536
0.949965
0.950393
0.950818
0.951242
0.951663
0.952083
0.9525
0.952916
0.95333
0.953743
0.954153
0.954562
0.954969
0.955374
0.955778
0.956179
0.95658
0.956978
0.957375
0.95777
0.958164
0.958556
0.958947
0.959336
0.959723
0.960109
0.960494
0.960877
0.961258
0.961638
0.962017
0.962394
0.96277
0.963145
0.963518
0.96389
0.96426
0.964629
0.964997
0.965364
0.965729
0.966093
0.966456
0.966818
0.967178
0.967538
0.967896
0.968253
0.968609
0.968963
0.969317
0.96967
0.970021
0.970371
0.970721
0.971069
0.971416
0.971762
0.972108
0.972452
0.972795
0.973137
0.973479
0.973819
0.974159
0.974497
0.974835
0.975172
0.975508
0.975843
0.976177
0.976511
0.976843
0.977175
0.977506
0.977836
0.978166
0.978494
0.978822
0.97915
0.979476
0.979802
0.980127
0.980452
0.980775
0.981098
0.981421
0.981743
0.982064
0.982385
0.982705
0.983024
0.983343
0.983661
0.983979
0.984296
0.984612
0.984929
0.985244
0.985559
0.985874
0.986188
0.986502
0.986815
0.987128
0.98744
0.987752
0.988063
0.988374
0.988685
0.988995
0.989305
0.989615
0.989924
0.990233
0.990541
0.99085
0.991157
0.991465
0.991772
0.992079
0.992386
0.992693
0.992999
0.993305
0.993611
0.993917
0.994222
0.994527
0.994832
0.995137
0.995442
0.995746
0.996051
0.996355
0.996659
0.996963
0.997267
0.997571
0.997875
0.998179
0.998482
0.998786
0.999089
0.999393
0.999697
