-1.22465e-16
-0.00202699
-0.00405403
-0.00608118
-0.0081085
-0.010136
-0.0121638
-0.0141919
-0.0162204
-0.0182494
-0.0202788
-0.0223087
-0.0243392
-0.0263704
-0.0284023
-0.0304349
-0.0324684
-0.0345026
-0.0365379
-0.038574
-0.0406112
-0.0426495
-0.0446889
-0.0467295
-0.0487713
-0.0508144
-0.0528588
-0.0549047
-0.056952
-0.0590008
-0.0610512
-0.0631032
-0.0651568
-0.0672122
-0.0692693
-0.0713283
-0.0733892
-0.075452
-0.0775168
-0.0795836
-0.0816526
-0.0837237
-0.085797
-0.0878726
-0.0899505
-0.0920308
-0.0941135
-0.0961987
-0.0982864
-0.100377
-0.10247
-0.104565
-0.106664
-0.108765
-0.110869
-0.112976
-0.115086
-0.117199
-0.119315
-0.121435
-0.123557
-0.125683
-0.127812
-0.129944
-0.13208
-0.134219
-0.136362
-0.138508
-0.140658
-0.142812
-0.14497
-0.147131
-0.149296
-0.151465
-0.153638
-0.155815
-0.157996
-0.160181
-0.162371
-0.164565
-0.166763
-0.168965
-0.171172
-0.173383
-0.175599
-0.177819
-0.180044
-0.182274
-0.184508
-0.186748
-0.188992
-0.191241
-0.193495
-0.195754
-0.198018
-0.200288
-0.202562
-0.204842
-0.207127
-0.209417
-0.211713
-0.214015
-0.216322
-0.218634
-0.220952
-0.223276
-0.225606
-0.227941
-0.230283
-0.23263
-0.234983
-0.237343
-0.239708
-0.242079
-0.244457
-0.246841
-0.249232
-0.251628
-0.254032
-0.256441
-0.258858
-0.26128
-0.26371
-0.266146
-0.268589
-0.271039
-0.273496
-0.275959
-0.27843
-0.280908
-0.283392
-0.285884
-0.288383
-0.29089
-0.293404
-0.295925
-0.298453
-0.300989
-0.303533
-0.306084
-0.308643
-0.311209
-0.313783
-0.316365
-0.318955
-0.321553
-0.324158
-0.326772
-0.329394
-0.332024
-0.334662
-0.337308
-0.339962
-0.342625
-0.345296
-0.347976
-0.350664
-0.35336
-0.356065
-0.358779
-0.361501
-0.364232
-0.366971
-0.36972
-0.372477
-0.375243
-0.378018
-0.380802
-0.383595
-0.386396
-0.389207
-0.392028
-0.394857
-0.397695
-0.400543
-0.4034
-0.406266
-0.409141
-0.412026
-0.414921
-0.417824
-0.420737
-0.42366
-0.426592
-0.429534
-0.432485
-0.435446
-0.438417
-0.441397
-0.444387
-0.447386
-0.450396
-0.453415
-0.456444
-0.459482
-0.462531
-0.465589
-0.468657
-0.471735
-0.474822
-0.47792
-0.481027
-0.484144
-0.487272
-0.490409
-0.493555
-0.496712
-0.499879
-0.503055
-0.506241
-0.509437
-0.512643
-0.515859
-0.519084
-0.522319
-0.525564
-0.528819
-0.532083
-0.535358
-0.538641
-0.541934
-0.545237
-0.54855
-0.551871
-0.555203
-0.558543
-0.561893
-0.565252
-0.568621
-0.571999
-0.575385
-0.578781
-0.582186
-0.585599
-0.589021
-0.592452
-0.595892
-0.59934
-0.602797
-0.606262
-0.609735
-0.613216
-0.616706
-0.620203
-0.623708
-0.627221
-0.630741
-0.634268
-0.637803
-0.641345
-0.644894
-0.64845
-0.652012
-0.655581
-0.659156
-0.662737
-0.666324
-0.669916
-0.673515
-0.677118
-0.680727
-0.68434
-0.687959
-0.691581
-0.695208
-0.698839
-0.702474
-0.706112
-0.709753
-0.713397
-0.717044
-0.720693
-0.724344
-0.727997
-0.731651
-0.735307
-0.738963
-0.742619
-0.746276
-0.749932
-0.753588
-0.757242
-0.760895
-0.764547
-0.768196
-0.771842
-0.775486
-0.779126
-0.782761
-0.786393
-0.79002
-0.793641
-0.797256
-0.800865
-0.804467
-0.808062
-0.811649
-0.815227
-0.818796
-0.822356
-0.825905
-0.829444
-0.832971
-0.836486
-0.839989
-0.843478
-0.846953
-0.850413
-0.853858
-0.857287
-0.8607
-0.864094
-0.867471
-0.870828
-0.874166
-0.877483
-0.880778
-0.884051
-0.887302
-0.890528
-0.89373
-0.896906
-0.900055
-0.903177
-0.906271
-0.909335
-0.912369
-0.915372
-0.918342
-0.92128
-0.924183
-0.927051
-0.929882
-0.932676
-0.935432
-0.938148
-0.940823
-0.943457
-0.946048
-0.948594
-0.951096
-0.953551
-0.955958
-0.958316
-0.960625
-0.962882
-0.965086
-0.967236
-0.969332
-0.971371
-0.973352
-0.975274
-0.977135
-0.978935
-0.980671
-0.982343
-0.983949
-0.985487
-0.986957
-0.988357
-0.989685
-0.990939
-0.992119
-0.993224
-0.99425
-0.995198
-0.996065
-0.99685
-0.997552
-0.998168
-0.998698
-0.99914
-0.999492
-0.999754
-0.999922
-0.999996
-0.999975
-0.999856
-0.999638
-0.99932
-0.9989
-0.998377
-0.997748
-0.997014
-0.99617
-0.995218
-0.994154
-0.992978
-0.991687
-0.990281
-0.988758
-0.987116
-0.985354
-0.983471
-0.981465
-0.979334
-0.977078
-0.974695
-0.972184
-0.969542
-0.96677
-0.963865
-0.960827
-0.957654
-0.954345
-0.950898
-0.947313
-0.943589
-0.939723
-0.935717
-0.931567
-0.927274
-0.922836
-0.918252
-0.913522
-0.908645
-0.903619
-0.898445
-0.893121
-0.887646
-0.882021
-0.876245
-0.870316
-0.864236
-0.858002
-0.851615
-0.845075
-0.838381
-0.831532
-0.82453
-0.817374
-0.810063
-0.802599
-0.79498
-0.787207
-0.77928
-0.771201
-0.762968
-0.754582
-0.746044
-0.737355
-0.728515
-0.719524
-0.710384
-0.701095
-0.691659
-0.682075
-0.672346
-0.662472
-0.652454
-0.642294
-0.631993
-0.621553
-0.610974
-0.600259
-0.589409
-0.578425
-0.56731
-0.556065
-0.544693
-0.533194
-0.521571
-0.509827
-0.497963
-0.485982
-0.473885
-0.461676
-0.449356
-0.436929
-0.424396
-0.411761
-0.399025
-0.386192
-0.373265
-0.360246
-0.347139
-0.333945
-0.320669
-0.307313
-0.29388
-0.280374
-0.266797
-0.253154
-0.239446
-0.225678
-0.211854
-0.197975
-0.184046
-0.17007
-0.156051
-0.141992
-0.127897
-0.113769
-0.0996116
-0.085429
-0.0712244
-0.0570015
-0.0427639
-0.0285154
-0.0142595
0
0.0142595
0.0285154
0.0427639
0.0570015
0.0712244
0.085429
0.0996116
0.113769
0.127897
0.141992
0.156051
0.17007
0.184046
0.197975
0.211854
0.225678
0.239446
0.253154
0.266797
0.280374
0.29388
0.307313
0.320669
0.333945
0.347139
0.360246
0.373265
0.386192
0.399025
0.411761
0.424396
0.436929
0.449356
0.461676
0.473885
0.485982
0.497963
0.509827
0.521571
0.533194
0.544693
0.556065
0.56731
0.578425
0.589409
0.600259
0.610974
0.621553
0.631993
0.642294
0.652454
0.662472
0.672346
0.682075
0.691659
0.701095
0.710384
0.719524
0.728515
0.737355
0.746044
0.754582
0.762968
0.771201
0.77928
0.787207
0.79498
0.802599
0.810063
0.817374
0.82453
0.831532
0.838381
0.845075
0.851615
0.858002
0.864236
0.870316
0.876245
0.882021
0.887646
0.893121
0.898445
0.903619
0.908645
0.913522
0.918252
0.922836
0.927274
0.931567
0.935717
0.939723
0.943589
0.947313
0.950898
0.954345
0.957654
0.960827
0.963865
0.96677
0.969542
0.972184
0.974695
0.977078
0.979334
0.981465
0.983471
0.985354
0.987116
0.988758
0.990281
0.991687
0.992978
0.994154
0.995218
0.99617
0.997014
0.997748
0.998377
0.9989
0.99932
0.999638
0.999856
0.999975
0.999996
0.999922
0.999754
0.999492
0.99914
0.998698
0.998168
0.997552
0.99685
0.996065
0.995198
0.99425
0.993224
0.992119
0.990939
0.989685
0.988357
0.986957
0.985487
0.983949
0.982343
0.980671
0.978935
0.977135
0.975274
0.973352
0.971371
0.969332
0.967236
0.965086
0.962882
0.960625
0.958316
0.955958
0.953551
0.951096
0.948594
0.946048
0.943457
0.940823
0.938148
0.935432
0.932676
0.929882
0.927051
0.924183
0.92128
0.918342
0.915372
0.912369
0.909335
0.906271
0.903177
0.900055
0.896906
0.89373
0.890528
0.887302
0.884051
0.880778
0.877483
0.874166
0.870828
0.867471
0.864094
0.8607
0.857287
0.853858
0.850413
0.846953
0.843478
0.839989
0.836486
0.832971
0.829444
0.825905
0.822356
0.818796
0.815227
0.811649
0.808062
0.804467
0.800865
0.797256
0.793641
0.79002
0.786393
0.782761
0.779126
0.775486
0.771842
0.768196
0.764547
0.760895
0.757242
0.753588
0.749932
0.746276
0.742619
0.738963
0.735307
0.731651
0.727997
0.724344
0.720693
0.717044
0.713397
0.709753
0.706112
0.702474
0.698839
0.695208
0.691581
0.687959
0.68434
0.680727
0.677118
0.673515
0.669916
0.666324
0.662737
0.659156
0.655581
0.652012
0.64845
0.644894
0.641345
0.637803
0.634268
0.630741
0.627221
0.623708
0.620203
0.616706
0.613216
0.609735
0.606262
0.602797
0.59934
0.595892
0.592452
0.589021
0.585599
0.582186
0.578781
0.575385
0.571999
0.568621
0.565252
0.561893
0.558543
0.555203
0.551871
0.54855
0.545237
0.541934
0.538641
0.535358
0.532083
0.528819
0.525564
0.522319
0.519084
0.515859
0.512643
0.509437
0.506241
0.503055
0.499879
0.496712
0.493555
0.490409
0.487272
0.484144
0.481027
0.47792
0.474822
0.471735
0.468657
0.465589
0.462531
0.459482
0.456444
0.453415
0.450396
0.447386
0.444387
0.441397
0.438417
0.435446
0.432485
0.429534
0.426592
0.42366
0.420737
0.417824
0.414921
0.412026
0.409141
0.406266
0.4034
0.400543
0.397695
0.394857
0.392028
0.389207
0.386396
0.383595
0.380802
0.378018
0.375243
0.372477
0.36972
0.366971
0.364232
0.361501
0.358779
0.356065
0.35336
0.350664
0.347976
0.345296
0.342625
0.339962
0.337308
0.334662
0.332024
0.329394
0.326772
0.324158
0.321553
0.318955
0.316365
0.313783
0.311209
0.308643
0.306084
0.303533
0.300989
0.298453
0.295925
0.293404
0.29089
0.288383
0.285884
0.283392
0.280908
0.27843
0.275959
0.273496
0.271039
0.268589
0.266146
0.26371
0.26128
0.258858
0.256441
0.254032
0.251628
0.249232
0.246841
0.244457
0.242079
0.239708
0.237343
0.234983
0.23263
0.230283
0.227941
0.225606
0.223276
0.220952
0.218634
0.216322
0.214015
0.211713
0.209417
0.207127
0.204842
0.202562
0.200288
0.198018
0.195754
0.193495
0.191241
0.188992
0.186748
0.184508
0.182274
0.180044
0.177819
0.175599
0.173383
0.171172
0.168965
0.166763
0.164565
0.162371
0.160181
0.157996
0.155815
0.153638
0.151465
0.149296
0.147131
0.14497
0.142812
0.140658
0.138508
0.136362
0.134219
0.13208
0.129944
0.127812
0.125683
0.123557
0.121435
0.119315
0.117199
0.115086
0.112976
0.110869
0.108765
0.106664
0.104565
0.10247
0.100377
0.0982864
0.0961987
0.0941135
0.0920308
0.0899505
0.0878726
0.085797
0.0837237
0.0816526
0.0795836
0.0775168
0.075452
0.0733892
0.0713283
0.0692693
0.0672122
0.0651568
0.0631032
0.0610512
0.0590008
0.056952
0.0549047
0.0528588
0.0508144
0.0487713
0.0467295
0.0446889
0.0426495
0.0406112
0.038574
0.0365379
0.0345026
0.0324684
0.0304349
0.0284023
0.0263704
0.0243392
0.0223087
0.0202788
0.0182494
0.0162204
0.0141919
0.0121638
0.010136
0.0081085
0.00608118
0.00405403
0.00202699
