-1.22465e-16
-0.000144682
-0.000289369
-0.000434066
-0.000578778
-0.00072351
-0.000868266
-0.00101305
-0.00115787
-0.00130273
-0.00144764
-0.00159259
-0.0017376
-0.00188267
-0.0020278
-0.002173
-0.00231827
-0.00246363
-0.00260907
-0.0027546
-0.00290022
-0.00304594
-0.00319176
-0.0033377
-0.00348375
-0.00362992
-0.00377621
-0.00392263
-0.00406919
-0.00421589
-0.00436273
-0.00450972
-0.00465687
-0.00480417
-0.00495164
-0.00509929
-0.0052471
-0.0053951
-0.00554329
-0.00569166
-0.00584024
-0.00598901
-0.00613799
-0.00628719
-0.0064366
-0.00658623
-0.0067361
-0.00688619
-0.00703653
-0.00718711
-0.00733794
-0.00748902
-0.00764037
-0.00779198
-0.00794387
-0.00809603
-0.00824847
-0.00840121
-0.00855423
-0.00870756
-0.0088612
-0.00901514
-0.0091694
-0.00932399
-0.0094789
-0.00963414
-0.00978973
-0.00994566
-0.0101019
-0.0102586
-0.0104156
-0.010573
-0.0107307
-0.0108889
-0.0110474
-0.0112063
-0.0113656
-0.0115253
-0.0116855
-0.011846
-0.012007
-0.0121684
-0.0123303
-0.0124926
-0.0126553
-0.0128185
-0.0129822
-0.0131463
-0.013311
-0.0134761
-0.0136416
-0.0138077
-0.0139743
-0.0141414
-0.0143091
-0.0144772
-0.0146459
-0.0148151
-0.0149849
-0.0151552
-0.0153261
-0.0154976
-0.0156696
-0.0158422
-0.0160154
-0.0161892
-0.0163636
-0.0165386
-0.0167143
-0.0168906
-0.0170675
-0.017245
-0.0174232
-0.0176021
-0.0177817
-0.0179619
-0.0181428
-0.0183244
-0.0185067
-0.0186897
-0.0188735
-0.0190579
-0.0192431
-0.0194291
-0.0196158
-0.0198032
-0.0199915
-0.0201805
-0.0203703
-0.0205609
-0.0207524
-0.0209446
-0.0211377
-0.0213316
-0.0215264
-0.021722
-0.0219185
-0.0221159
-0.0223141
-0.0225133
-0.0227134
-0.0229144
-0.0231163
-0.0233192
-0.023523
-0.0237278
-0.0239335
-0.0241403
-0.024348
-0.0245568
-0.0247666
-0.0249774
-0.0251892
-0.0254021
-0.0256161
-0.0258312
-0.0260473
-0.0262646
-0.026483
-0.0267025
-0.0269231
-0.027145
-0.0273679
-0.0275921
-0.0278175
-0.028044
-0.0282718
-0.0285009
-0.0287312
-0.0289627
-0.0291956
-0.0294297
-0.0296652
-0.029902
-0.0301401
-0.0303796
-0.0306204
-0.0308627
-0.0311063
-0.0313514
-0.0315979
-0.0318459
-0.0320953
-0.0323463
-0.0325987
-0.0328527
-0.0331082
-0.0333653
-0.0336239
-0.0338842
-0.034146
-0.0344095
-0.0346747
-0.0349415
-0.03521
-0.0354803
-0.0357523
-0.036026
-0.0363015
-0.0365788
-0.0368579
-0.0371389
-0.0374217
-0.0377064
-0.037993
-0.0382816
-0.0385721
-0.0388646
-0.039159
-0.0394556
-0.0397541
-0.0400548
-0.0403575
-0.0406624
-0.0409694
-0.0412786
-0.04159
-0.0419037
-0.0422196
-0.0425378
-0.0428583
-0.0431812
-0.0435065
-0.0438341
-0.0441642
-0.0444968
-0.0448319
-0.0451695
-0.0455097
-0.0458525
-0.0461979
-0.046546
-0.0468967
-0.0472503
-0.0476065
-0.0479656
-0.0483276
-0.0486924
-0.0490602
-0.0494309
-0.0498046
-0.0501813
-0.0505611
-0.0509441
-0.0513302
-0.0517195
-0.0521121
-0.0525079
-0.0529071
-0.0533097
-0.0537157
-0.0541251
-0.0545381
-0.0549547
-0.0553749
-0.0557988
-0.0562264
-0.0566578
-0.057093
-0.0575321
-0.0579751
-0.0584221
-0.0588732
-0.0593284
-0.0597877
-0.0602513
-0.0607192
-0.0611914
-0.0616681
-0.0621492
-0.0626349
-0.0631252
-0.0636202
-0.0641199
-0.0646245
-0.065134
-0.0656484
-0.0661679
-0.0666925
-0.0672224
-0.0677575
-0.0682979
-0.0688439
-0.0693953
-0.0699524
-0.0705152
-0.0710838
-0.0716582
-0.0722387
-0.0728252
-0.0734179
-0.0740169
-0.0746223
-0.0752341
-0.0758525
-0.0764776
-0.0771096
-0.0777484
-0.0783943
-0.0790473
-0.0797076
-0.0803752
-0.0810504
-0.0817333
-0.0824239
-0.0831224
-0.083829
-0.0845437
-0.0852668
-0.0859983
-0.0867385
-0.0874874
-0.0882453
-0.0890123
-0.0897885
-0.0905741
-0.0913693
-0.0921743
-0.0929892
-0.0938143
-0.0946496
-0.0954955
-0.096352
-0.0972195
-0.0980981
-0.098988
-0.0998894
-0.100803
-0.101728
-0.102665
-0.103615
-0.104577
-0.105553
-0.106542
-0.107544
-0.10856
-0.10959
-0.110634
-0.111693
-0.112766
-0.113855
-0.11496
-0.11608
-0.117216
-0.118369
-0.119539
-0.120726
-0.121931
-0.123153
-0.124394
-0.125654
-0.126933
-0.128231
-0.12955
-0.130889
-0.132249
-0.13363
-0.135034
-0.136459
-0.137908
-0.13938
-0.140877
-0.142397
-0.143944
-0.145515
-0.147114
-0.148739
-0.150392
-0.152073
-0.153784
-0.155524
-0.157295
-0.159097
-0.160931
-0.162798
-0.164699
-0.166635
-0.168606
-0.170614
-0.17266
-0.174743
-0.176867
-0.17903
-0.181236
-0.183484
-0.185777
-0.188114
-0.190499
-0.192931
-0.195412
-0.197943
-0.200527
-0.203165
-0.205857
-0.208606
-0.211414
-0.214282
-0.217212
-0.220205
-0.223265
-0.226392
-0.22959
-0.232859
-0.236203
-0.239624
-0.243124
-0.246706
-0.250372
-0.254126
-0.25797
-0.261906
-0.265939
-0.270071
-0.274306
-0.278648
-0.283099
-0.287664
-0.292346
-0.29715
-0.302081
-0.307141
-0.312337
-0.317673
-0.323154
-0.328785
-0.334572
-0.34052
-0.346635
-0.352924
-0.359392
-0.366047
-0.372896
-0.379944
-0.387201
-0.394673
-0.402369
-0.410296
-0.418464
-0.426881
-0.435556
-0.444499
-0.453718
-0.463225
-0.473028
-0.483137
-0.493563
-0.504317
-0.515408
-0.526846
-0.53864
-0.550802
-0.563339
-0.57626
-0.589572
-0.603281
-0.617392
-0.631909
-0.646831
-0.662157
-0.677881
-0.693995
-0.710483
-0.727328
-0.744502
-0.761972
-0.779696
-0.797619
-0.815676
-0.833789
-0.851863
-0.869785
-0.887421
-0.904616
-0.921191
-0.936937
-0.951618
-0.964965
-0.976677
-0.98642
-0.993825
-0.998492
-0.999992
-0.99787
-0.991654
-0.98086
-0.965012
-0.943645
-0.916331
-0.882693
-0.842427
-0.795321
-0.741279
-0.680337
-0.612682
-0.53866
-0.45878
-0.373717
-0.284296
-0.191478
-0.0963308
0
0.0963308
0.191478
0.284296
0.373717
0.45878
0.53866
0.612682
0.680337
0.741279
0.795321
0.842427
0.882693
0.916331
0.943645
0.965012
0.98086
0.991654
0.99787
0.999992
0.998492
0.993825
0.98642
0.976677
0.964965
0.951618
0.936937
0.921191
0.904616
0.887421
0.869785
0.851863
0.833789
0.815676
0.797619
0.779696
0.761972
0.744502
0.727328
0.710483
0.693995
0.677881
0.662157
0.646831
0.631909
0.617392
0.603281
0.589572
0.57626
0.563339
0.550802
0.53864
0.526846
0.515408
0.504317
0.493563
0.483137
0.473028
0.463225
0.453718
0.444499
0.435556
0.426881
0.418464
0.410296
0.402369
0.394673
0.387201
0.379944
0.372896
0.366047
0.359392
0.352924
0.346635
0.34052
0.334572
0.328785
0.323154
0.317673
0.312337
0.307141
0.302081
0.29715
0.292346
0.287664
0.283099
0.278648
0.274306
0.270071
0.265939
0.261906
0.25797
0.254126
0.250372
0.246706
0.243124
0.239624
0.236203
0.232859
0.22959
0.226392
0.223265
0.220205
0.217212
0.214282
0.211414
0.208606
0.205857
0.203165
0.200527
0.197943
0.195412
0.192931
0.190499
0.188114
0.185777
0.183484
0.181236
0.17903
0.176867
0.174743
0.17266
0.170614
0.168606
0.166635
0.164699
0.162798
0.160931
0.159097
0.157295
0.155524
0.153784
0.152073
0.150392
0.148739
0.147114
0.145515
0.143944
0.142397
0.140877
0.13938
0.137908
0.136459
0.135034
0.13363
0.132249
0.130889
0.12955
0.128231
0.126933
0.125654
0.124394
0.123153
0.121931
0.120726
0.119539
0.118369
0.117216
0.11608
0.11496
0.113855
0.112766
0.111693
0.110634
0.10959
0.10856
0.107544
0.106542
0.105553
0.104577
0.103615
0.102665
0.101728
0.100803
0.0998894
0.098988
0.0980981
0.0972195
0.096352
0.0954955
0.0946496
0.0938143
0.0929892
0.0921743
0.0913693
0.0905741
0.0897885
0.0890123
0.0882453
0.0874874
0.0867385
0.0859983
0.0852668
0.0845437
0.083829
0.0831224
0.0824239
0.0817333
0.0810504
0.0803752
0.0797076
0.0790473
0.0783943
0.0777484
0.0771096
0.0764776
0.0758525
0.0752341
0.0746223
0.0740169
0.0734179
0.0728252
0.0722387
0.0716582
0.0710838
0.0705152
0.0699524
0.0693953
0.0688439
0.0682979
0.0677575
0.0672224
0.0666925
0.0661679
0.0656484
0.065134
0.0646245
0.0641199
0.0636202
0.0631252
0.0626349
0.0621492
0.0616681
0.0611914
0.0607192
0.0602513
0.0597877
0.0593284
0.0588732
0.0584221
0.0579751
0.0575321
0.057093
0.0566578
0.0562264
0.0557988
0.0553749
0.0549547
0.0545381
0.0541251
0.0537157
0.0533097
0.0529071
0.0525079
0.0521121
0.0517195
0.0513302
0.0509441
0.0505611
0.0501813
0.0498046
0.0494309
0.0490602
0.0486924
0.0483276
0.0479656
0.0476065
0.0472503
0.0468967
0.046546
0.0461979
0.0458525
0.0455097
0.0451695
0.0448319
0.0444968
0.0441642
0.0438341
0.0435065
0.0431812
0.0428583
0.0425378
0.0422196
0.0419037
0.04159
0.0412786
0.0409694
0.0406624
0.0403575
0.0400548
0.0397541
0.0394556
0.039159
0.0388646
0.0385721
0.0382816
0.037993
0.0377064
0.0374217
0.0371389
0.0368579
0.0365788
0.0363015
0.036026
0.0357523
0.0354803
0.03521
0.0349415
0.0346747
0.0344095
0.034146
0.0338842
0.0336239
0.0333653
0.0331082
0.0328527
0.0325987
0.0323463
0.0320953
0.0318459
0.0315979
0.0313514
0.0311063
0.0308627
0.0306204
0.0303796
0.0301401
0.029902
0.0296652
0.0294297
0.0291956
0.0289627
0.0287312
0.0285009
0.0282718
0.028044
0.0278175
0.0275921
0.0273679
0.027145
0.0269231
0.0267025
0.026483
0.0262646
0.0260473
0.0258312
0.0256161
0.0254021
0.0251892
0.0249774
0.0247666
0.0245568
0.024348
0.0241403
0.0239335
0.0237278
0.023523
0.0233192
0.0231163
0.0229144
0.0227134
0.0225133
0.0223141
0.0221159
0.0219185
0.021722
0.0215264
0.0213316
0.0211377
0.0209446
0.0207524
0.0205609
0.0203703
0.0201805
0.0199915
0.0198032
0.0196158
0.0194291
0.0192431
0.0190579
0.0188735
0.0186897
0.0185067
0.0183244
0.0181428
0.0179619
0.0177817
0.0176021
0.0174232
0.017245
0.0170675
0.0168906
0.0167143
0.0165386
0.0163636
0.0161892
0.0160154
0.0158422
0.0156696
0.0154976
0.0153261
0.0151552
0.0149849
0.0148151
0.0146459
0.0144772
0.0143091
0.0141414
0.0139743
0.0138077
0.0136416
0.0134761
0.013311
0.0131463
0.0129822
0.0128185
0.0126553
0.0124926
0.0123303
0.0121684
0.012007
0.011846
0.0116855
0.0115253
0.0113656
0.0112063
0.0110474
0.0108889
0.0107307
0.010573
0.0104156
0.0102586
0.0101019
0.00994566
0.00978973
0.00963414
0.0094789
0.00932399
0.0091694
0.00901514
0.0088612
0.00870756
0.00855423
0.00840121
0.00824847
0.00809603
0.00794387
0.00779198
0.00764037
0.00748902
0.00733794
0.00718711
0.00703653
0.00688619
0.0067361
0.00658623
0.0064366
0.00628719
0.00613799
0.00598901
0.00584024
0.00569166
0.00554329
0.0053951
0.0052471
0.00509929
0.00495164
0.00480417
0.00465687
0.00450972
0.00436273
0.00421589
0.00406919
0.00392263
0.00377621
0.00362992
0.00348375
0.0033377
0.00319176
0.00304594
0.00290022
0.0027546
0.00260907
0.00246363
0.00231827
0.002173
0.0020278
0.00188267
0.0017376
0.00159259
0.00144764
0.00130273
0.00115787
0.00101305
0.000868266
0.00072351
0.000578778
0.000434066
0.000289369
0.000144682
