-1
-0.998628
-0.997257
-0.995885
-0.994513
-0.993141
-0.991769
-0.990397
-0.989024
-0.987652
-0.986279
-0.984906
-0.983533
-0.982159
-0.980785
-0.979411
-0.978036
-0.976661
-0.975286
-0.97391
-0.972533
-0.971156
-0.969779
-0.968401
-0.967023
-0.965643
-0.964264
-0.962883
-0.961502
-0.960121
-0.958738
-0.957355
-0.955971
-0.954586
-0.953201
-0.951814
-0.950427
-0.949039
-0.94765
-0.94626
-0.944869
-0.943477
-0.942084
-0.94069
-0.939295
-0.937899
-0.936502
-0.935104
-0.933704
-0.932304
-0.930902
-0.929499
-0.928094
-0.926689
-0.925282
-0.923874
-0.922464
-0.921053
-0.919641
-0.918228
-0.916812
-0.915396
-0.913978
-0.912558
-0.911137
-0.909715
-0.908291
-0.906865
-0.905438
-0.904009
-0.902578
-0.901146
-0.899712
-0.898276
-0.896838
-0.895399
-0.893958
-0.892515
-0.89107
-0.889624
-0.888175
-0.886725
-0.885273
-0.883819
-0.882362
-0.880904
-0.879444
-0.877982
-0.876517
-0.875051
-0.873583
-0.872112
-0.870639
-0.869165
-0.867688
-0.866208
-0.864727
-0.863243
-0.861757
-0.860269
-0.858779
-0.857286
-0.85579
-0.854293
-0.852793
-0.851291
-0.849786
-0.848279
-0.846769
-0.845257
-0.843742
-0.842225
-0.840706
-0.839183
-0.837659
-0.836131
-0.834601
-0.833069
-0.831533
-0.829995
-0.828455
-0.826911
-0.825365
-0.823817
-0.822265
-0.820711
-0.819154
-0.817594
-0.816031
-0.814465
-0.812897
-0.811326
-0.809751
-0.808174
-0.806594
-0.805011
-0.803425
-0.801836
-0.800244
-0.798649
-0.797051
-0.79545
-0.793846
-0.792239
-0.790629
-0.789016
-0.787399
-0.785779
-0.784157
-0.782531
-0.780902
-0.779269
-0.777634
-0.775995
-0.774353
-0.772708
-0.77106
-0.769408
-0.767753
-0.766094
-0.764433
-0.762768
-0.761099
-0.759428
-0.757753
-0.756074
-0.754392
-0.752707
-0.751018
-0.749326
-0.747631
-0.745932
-0.744229
-0.742523
-0.740814
-0.739101
-0.737384
-0.735664
-0.733941
-0.732213
-0.730483
-0.728748
-0.727011
-0.725269
-0.723524
-0.721775
-0.720023
-0.718267
-0.716508
-0.714745
-0.712978
-0.711207
-0.709433
-0.707655
-0.705873
-0.704088
-0.702299
-0.700506
-0.69871
-0.69691
-0.695106
-0.693298
-0.691486
-0.689671
-0.687852
-0.686029
-0.684203
-0.682372
-0.680538
-0.6787
-0.676858
-0.675013
-0.673163
-0.67131
-0.669453
-0.667592
-0.665727
-0.663858
-0.661986
-0.660109
-0.658229
-0.656345
-0.654456
-0.652564
-0.650669
-0.648769
-0.646865
-0.644958
-0.643046
-0.641131
-0.639211
-0.637288
-0.635361
-0.63343
-0.631495
-0.629556
-0.627613
-0.625667
-0.623716
-0.621761
-0.619803
-0.61784
-0.615874
-0.613903
-0.611929
-0.609951
-0.607968
-0.605982
-0.603992
-0.601998
-0.6
-0.597998
-0.595992
-0.593982
-0.591968
-0.589951
-0.587929
-0.585903
-0.583874
-0.58184
-0.579803
-0.577761
-0.575716
-0.573667
-0.571613
-0.569556
-0.567495
-0.56543
-0.563361
-0.561288
-0.559211
-0.557131
-0.555046
-0.552958
-0.550865
-0.548769
-0.546669
-0.544564
-0.542456
-0.540345
-0.538229
-0.536109
-0.533986
-0.531858
-0.529727
-0.527592
-0.525453
-0.52331
-0.521163
-0.519013
-0.516858
-0.5147
-0.512538
-0.510372
-0.508203
-0.506029
-0.503852
-0.501671
-0.499486
-0.497298
-0.495106
-0.49291
-0.49071
-0.488506
-0.486299
-0.484088
-0.481873
-0.479655
-0.477433
-0.475207
-0.472978
-0.470745
-0.468508
-0.466267
-0.464023
-0.461775
-0.459524
-0.457269
-0.455011
-0.452748
-0.450483
-0.448213
-0.445941
-0.443664
-0.441384
-0.439101
-0.436814
-0.434523
-0.432229
-0.429932
-0.427631
-0.425326
-0.423018
-0.420707
-0.418392
-0.416074
-0.413753
-0.411428
-0.409099
-0.406768
-0.404433
-0.402094
-0.399753
-0.397408
-0.39506
-0.392708
-0.390353
-0.387995
-0.385634
-0.383269
-0.380902
-0.378531
-0.376157
-0.373779
-0.371399
-0.369016
-0.366629
-0.364239
-0.361846
-0.35945
-0.357051
-0.354649
-0.352244
-0.349836
-0.347425
-0.345011
-0.342594
-0.340174
-0.337751
-0.335326
-0.332897
-0.330465
-0.328031
-0.325594
-0.323154
-0.320711
-0.318265
-0.315817
-0.313365
-0.310911
-0.308455
-0.305995
-0.303533
-0.301069
-0.298601
-0.296131
-0.293659
-0.291183
-0.288706
-0.286225
-0.283742
-0.281257
-0.278769
-0.276279
-0.273786
-0.271291
-0.268793
-0.266293
-0.26379
-0.261286
-0.258779
-0.256269
-0.253757
-0.251243
-0.248727
-0.246208
-0.243688
-0.241165
-0.238639
-0.236112
-0.233583
-0.231051
-0.228517
-0.225982
-0.223444
-0.220904
-0.218362
-0.215819
-0.213273
-0.210725
-0.208175
-0.205624
-0.20307
-0.200515
-0.197958
-0.195399
-0.192838
-0.190276
-0.187712
-0.185146
-0.182578
-0.180009
-0.177438
-0.174865
-0.172291
-0.169715
-0.167137
-0.164558
-0.161978
-0.159396
-0.156812
-0.154228
-0.151641
-0.149053
-0.146464
-0.143874
-0.141282
-0.138689
-0.136094
-0.133499
-0.130902
-0.128304
-0.125704
-0.123104
-0.120502
-0.117899
-0.115295
-0.11269
-0.110084
-0.107477
-0.104869
-0.10226
-0.0996499
-0.0970389
-0.0944271
-0.0918143
-0.0892007
-0.0865863
-0.083971
-0.0813549
-0.0787381
-0.0761206
-0.0735023
-0.0708833
-0.0682637
-0.0656434
-0.0630226
-0.0604011
-0.057779
-0.0551564
-0.0525333
-0.0499097
-0.0472856
-0.0446611
-0.0420362
-0.0394108
-0.0367851
-0.0341591
-0.0315327
-0.028906
-0.0262791
-0.0236519
-0.0210244
-0.0183968
-0.015769
-0.0131411
-0.010513
-0.00788484
-0.0052566
-0.00262831
0
0.00262831
0.0052566
0.00788484
0.010513
0.0131411
0.015769
0.0183968
0.0210244
0.0236519
0.0262791
0.028906
0.0315327
0.0341591
0.0367851
0.0394108
0.0420362
0.0446611
0.0472856
0.0499097
0.0525333
0.0551564
0.057779
0.0604011
0.0630226
0.0656434
0.0682637
0.0708833
0.0735023
0.0761206
0.0787381
0.0813549
0.083971
0.0865863
0.0892007
0.0918143
0.0944271
0.0970389
0.0996499
0.10226
0.104869
0.107477
0.110084
0.11269
0.115295
0.117899
0.120502
0.123104
0.125704
0.128304
0.130902
0.133499
0.136094
0.138689
0.141282
0.143874
0.146464
0.149053
0.151641
0.154228
0.156812
0.159396
0.161978
0.164558
0.167137
0.169715
0.172291
0.174865
0.177438
0.180009
0.182578
0.185146
0.187712
0.190276
0.192838
0.195399
0.197958
0.200515
0.20307
0.205624
0.208175
0.210725
0.213273
0.215819
0.218362
0.220904
0.223444
0.225982
0.228517
0.231051
0.233583
0.236112
0.238639
0.241165
0.243688
0.246208
0.248727
0.251243
0.253757
0.256269
0.258779
0.261286
0.26379
0.266293
0.268793
0.271291
0.273786
0.276279
0.278769
0.281257
0.283742
0.286225
0.288706
0.291183
0.293659
0.296131
0.298601
0.301069
0.303533
0.305995
0.308455
0.310911
0.313365
0.315817
0.318265
0.320711
0.323154
0.325594
0.328031
0.330465
0.332897
0.335326
0.337751
0.340174
0.342594
0.345011
0.347425
0.349836
0.352244
0.354649
0.357051
0.35945
0.361846
0.364239
0.366629
0.369016
0.371399
0.373779
0.376157
0.378531
0.380902
0.383269
0.385634
0.387995
0.390353
0.392708
0.39506
0.397408
0.399753
0.402094
0.404433
0.406768
0.409099
0.411428
0.413753
0.416074
0.418392
0.420707
0.423018
0.425326
0.427631
0.429932
0.432229
0.434523
0.436814
0.439101
0.441384
0.443664
0.445941
0.448213
0.450483
0.452748
0.455011
0.457269
0.459524
0.461775
0.464023
0.466267
0.468508
0.470745
0.472978
0.475207
0.477433
0.479655
0.481873
0.484088
0.486299
0.488506
0.49071
0.49291
0.495106
0.497298
0.499486
0.501671
0.503852
0.506029
0.508203
0.510372
0.512538
0.5147
0.516858
0.519013
0.521163
0.52331
0.525453
0.527592
0.529727
0.531858
0.533986
0.536109
0.538229
0.540345
0.542456
0.544564
0.546669
0.548769
0.550865
0.552958
0.555046
0.557131
0.559211
0.561288
0.563361
0.56543
0.567495
0.569556
0.571613
0.573667
0.575716
0.577761
0.579803
0.58184
0.583874
0.585903
0.587929
0.589951
0.591968
0.593982
0.595992
0.597998
0.6
0.601998
0.603992
0.605982
0.607968
0.609951
0.611929
0.613903
0.615874
0.61784
0.619803
0.621761
0.623716
0.625667
0.627613
0.629556
0.631495
0.63343
0.635361
0.637288
0.639211
0.641131
0.643046
0.644958
0.646865
0.648769
0.650669
0.652564
0.654456
0.656345
0.658229
0.660109
0.661986
0.663858
0.665727
0.667592
0.669453
0.67131
0.673163
0.675013
0.676858
0.6787
0.680538
0.682372
0.684203
0.686029
0.687852
0.689671
0.691486
0.693298
0.695106
0.69691
0.69871
0.700506
0.702299
0.704088
0.705873
0.707655
0.709433
0.711207
0.712978
0.714745
0.716508
0.718267
0.720023
0.721775
0.723524
0.725269
0.727011
0.728748
0.730483
0.732213
0.733941
0.735664
0.737384
0.739101
0.740814
0.742523
0.744229
0.745932
0.747631
0.749326
0.751018
0.752707
0.754392
0.756074
0.757753
0.759428
0.761099
0.762768
0.764433
0.766094
0.767753
0.769408
0.77106
0.772708
0.774353
0.775995
0.777634
0.779269
0.780902
0.782531
0.784157
0.785779
0.787399
0.789016
0.790629
0.792239
0.793846
0.79545
0.797051
0.798649
0.800244
0.801836
0.803425
0.805011
0.806594
0.808174
0.809751
0.811326
0.812897
0.814465
0.816031
0.817594
0.819154
0.820711
0.822265
0.823817
0.825365
0.826911
0.828455
0.829995
0.831533
0.833069
0.834601
0.836131
0.837659
0.839183
0.840706
0.842225
0.843742
0.845257
0.846769
0.848279
0.849786
0.851291
0.852793
0.854293
0.85579
0.857286
0.858779
0.860269
0.861757
0.863243
0.864727
0.866208
0.867688
0.869165
0.870639
0.872112
0.873583
0.875051
0.876517
0.877982
0.879444
0.880904
0.882362
0.883819
0.885273
0.886725
0.888175
0.889624
0.89107
0.892515
0.893958
0.895399
0.896838
0.898276
0.899712
0.901146
0.902578
0.904009
0.905438
0.906865
0.908291
0.909715
0.911137
0.912558
0.913978
0.915396
0.916812
0.918228
0.919641
0.921053
0.922464
0.923874
0.925282
0.926689
0.928094
0.929499
0.930902
0.932304
0.933704
0.935104
0.936502
0.937899
0.939295
0.94069
0.942084
0.943477
0.944869
0.94626
0.94765
0.949039
0.950427
0.951814
0.953201
0.954586
0.955971
0.957355
0.958738
0.960121
0.961502
0.962883
0.964264
0.965643
0.967023
0.968401
0.969779
0.971156
0.972533
0.97391
0.975286
0.976661
0.978036
0.979411
0.980785
0.982159
0.983533
0.984906
0.986279
0.987652
0.989024
0.990397
0.991769
0.993141
0.994513
0.995885
0.997257
0.998628
